59 110 8 4 2
57 88 9 4 2
59 113 10 8 2
50 89 14 4 2
52 111 14 4 2
50 86 14 8 2
52 113 14 8 2
48 80 17 4 2
50 121 18 4 2
50 89 15 4 4
51 111 15 4 4
50 118 20 16 2
50 88 21 4 2
49 87 21 8 2
51 113 21 8 2
51 111 22 4 2
48 82 18 16 4
50 116 19 16 4
48 87 20 8 4
49 88 21 4 4
50 112 21 4 4
50 113 21 8 4
61 109 37 4 2
58 87 38 4 2
53 108 42 4 2
53 109 42 8 2
52 87 43 4 2
51 84 43 8 2
52 108 42 4 4
52 109 42 8 4
50 112 42 16 4
50 84 47 8 2
51 85 48 4 2
51 106 49 4 2
50 107 49 8 2
49 84 46 8 4
50 85 47 4 4
59 99 64 4 2
54 98 69 4 2
57 99 65 4 4
53 98 69 4 4
53 100 69 8 4
49 78 74 4 2
51 97 75 4 2
49 77 72 8 4
49 78 74 4 4
51 97 74 4 4
59 84 87 4 2
59 92 91 4 2
53 92 95 4 2
52 73 96 4 2
54 95 96 8 2
53 92 96 4 4
53 94 96 8 4
49 70 101 8 2
50 73 102 4 2
50 94 103 8 2
51 93 104 4 2
49 71 100 8 4
49 73 102 4 4
50 94 103 8 4
50 93 104 4 4
60 93 116 4 2
59 73 117 4 2
51 74 122 4 2
52 95 122 4 2
53 97 122 8 2
47 72 126 8 2
49 74 127 4 2
50 98 127 8 2
50 96 128 4 2
47 72 125 8 4
47 73 126 4 4
49 98 127 8 4
50 97 129 4 4
58 90 138 4 2
61 82 138 4 2
60 97 141 4 2
59 74 142 4 2
59 99 142 8 2
57 72 143 8 2
58 97 141 4 4
58 74 142 4 4
49 73 146 8 2
50 100 146 8 2
48 75 147 4 2
49 99 147 4 2
44 71 150 4 2
46 106 150 4 2
44 68 150 16 2
45 73 151 8 2
46 106 151 16 2
46 75 152 4 2
49 99 148 4 4
47 101 152 8 2
48 100 153 4 2
44 70 149 16 4
44 73 150 8 4
46 104 150 16 4
46 75 152 4 4
46 102 152 8 4
47 101 154 4 4
57 92 161 4 2
57 90 161 8 2
61 83 162 4 2
58 100 165 4 2
56 77 166 4 2
56 102 166 8 2
48 101 170 4 2
47 76 170 8 2
49 102 170 8 2
46 78 171 4 2
43 71 173 4 2
45 108 174 4 2
48 102 170 8 4
46 78 171 4 4
48 101 171 4 4
46 76 171 8 4
46 108 175 16 2
45 76 176 8 2
46 103 176 8 2
46 77 177 4 2
47 101 177 4 2
43 74 173 4 4
44 75 173 8 4
44 72 173 16 4
44 106 174 16 4
46 103 175 8 4
45 77 176 4 4
46 101 176 4 4
56 77 190 4 2
57 98 190 4 2
55 74 191 8 2
57 101 191 8 2
50 98 194 4 2
51 100 194 8 2
49 78 195 4 2
49 76 195 8 2
46 74 198 4 2
48 104 198 4 2
49 78 195 4 4
50 98 195 4 4
46 76 200 8 2
48 100 200 8 2
48 78 201 4 2
48 99 201 4 2
46 76 198 8 4
47 101 198 8 4
47 77 199 4 4
48 99 200 4 4
58 96 213 4 2
51 78 219 4 2
53 97 219 4 2
53 100 219 8 2
49 74 222 8 2
50 77 223 4 2
52 97 219 4 4
51 97 224 4 2
51 99 224 8 2
49 77 221 4 4
49 75 221 8 4
50 99 222 8 4
51 97 224 4 4
58 97 237 4 2
57 78 238 4 2
53 97 241 4 2
51 78 242 4 2
48 75 246 8 2
49 78 247 4 2
49 101 247 8 2
50 99 249 4 2
48 76 245 8 4
48 78 247 4 4
49 101 248 8 4
50 100 249 4 4
54 101 259 4 2
58 78 259 4 2
57 104 259 8 2
57 76 260 8 2
57 78 259 4 4
46 77 264 8 2
47 105 264 8 2
46 74 264 16 2
46 108 264 16 2
46 103 265 4 2
45 79 266 4 2
41 72 267 4 2
42 111 268 4 2
106 83 264 4 4
108 92 264 4 4
46 103 265 4 4
42 76 269 16 2
42 106 269 16 2
44 78 270 4 2
45 104 270 4 2
45 79 266 4 4
43 77 270 8 2
44 105 270 8 2
42 109 267 4 4
40 76 267 16 4
30 92 268 4 4
42 77 268 8 4
42 105 268 8 4
40 106 268 16 4
38 106 268 32 4
44 104 269 4 4
32 92 269 8 4
59 97 282 4 2
58 77 284 4 2
58 97 282 4 4
54 96 287 4 2
51 77 290 4 2
54 96 288 4 4
53 99 288 8 4
88 88 289 4 4
51 99 294 4 2
51 78 290 4 4
40 89 291 4 4
89 88 291 8 4
45 91 297 8 2
41 90 293 8 4
51 99 294 4 4
50 100 294 8 4
44 92 300 16 2
31 93 303 4 2
105 94 303 4 2
106 86 303 4 2
105 92 303 8 2
44 92 299 16 4
58 104 304 4 2
60 79 304 4 2
58 105 304 8 2
59 78 304 8 2
42 94 301 32 4
31 93 303 4 4
37 102 303 4 4
32 94 303 8 4
104 90 303 16 4
19 95 304 4 4
59 79 304 4 4
104 94 304 4 4
105 86 304 4 4
105 93 304 8 4
51 107 309 8 2
57 78 305 8 4
49 81 310 4 2
50 106 310 4 2
50 79 310 8 2
46 75 312 4 2
47 113 313 4 2
50 107 309 8 4
46 76 313 16 2
50 105 310 4 4
47 79 314 8 2
46 110 314 16 2
48 81 315 4 2
48 107 315 8 2
49 106 316 4 2
46 77 312 4 4
47 111 312 4 4
46 76 312 16 4
19 96 317 4 2
31 94 317 4 2
46 79 313 8 4
46 110 313 16 4
47 80 314 4 4
47 108 314 8 4
48 106 315 4 4
18 96 316 4 4
106 87 316 4 4
31 94 317 4 4
36 103 317 4 4
104 95 317 4 4
32 94 317 8 4
104 93 317 8 4
36 96 317 16 4
60 98 327 4 2
58 79 329 4 2
60 98 327 4 4
55 97 332 4 2
49 90 331 8 4
52 79 336 4 2
43 90 332 4 4
86 88 332 4 4
55 96 333 4 4
53 97 338 4 2
52 79 335 4 4
53 97 338 4 4
54 100 356 4 2
49 79 360 8 2
51 104 361 8 2
50 82 362 4 2
52 102 363 4 2
49 80 360 8 4
50 82 361 4 4
51 104 361 8 4
51 103 363 4 4
59 96 371 4 2
44 94 368 8 4
60 107 375 4 2
46 94 371 16 4
59 83 376 4 2
57 81 377 8 2
49 110 380 4 2
58 83 376 4 4
60 108 376 4 4
50 111 380 8 2
49 84 381 4 2
49 82 381 8 2
45 79 384 4 2
47 118 384 4 2
17 100 380 4 4
46 78 384 16 2
48 110 381 4 4
47 83 386 4 2
49 84 382 4 4
47 82 386 8 2
46 114 386 16 2
47 111 387 8 2
46 78 383 16 4
48 110 388 4 2
46 115 384 4 4
46 114 384 16 4
46 82 385 8 4
47 83 386 4 4
47 112 387 8 4
47 111 388 4 4
59 91 397 4 2
57 108 399 4 2
57 84 400 4 2
56 109 400 8 2
55 82 401 8 2
56 84 400 4 4
48 107 405 4 2
49 109 405 8 2
48 84 406 4 2
46 113 407 4 2
48 107 405 4 4
46 81 409 8 2
47 109 405 8 4
46 83 410 4 2
47 106 410 4 2
46 107 410 8 2
46 112 407 16 4
45 82 408 8 4
46 83 410 4 4
53 101 426 4 2
51 80 427 4 2
46 81 430 4 2
47 101 430 4 2
46 101 431 4 4
43 105 435 8 2
43 81 436 4 2
44 101 437 4 2
43 77 434 8 4
44 104 434 8 4
43 81 436 4 4
43 101 437 4 4
52 101 451 4 2
50 79 452 4 2
44 80 455 4 2
45 103 455 4 2
46 105 455 8 2
40 76 459 4 2
40 78 460 8 2
42 106 461 8 2
41 80 462 4 2
43 105 462 4 2
40 77 459 8 4
42 110 459 16 4
40 79 461 4 4
42 106 461 8 4
42 106 463 4 4
55 86 473 4 2
55 106 475 4 2
54 107 475 8 2
54 80 476 4 2
51 79 477 8 2
45 106 480 4 2
45 107 480 8 2
44 81 481 4 2
44 80 481 8 2
10 97 478 4 4
42 75 483 4 2
44 113 483 4 2
42 74 483 16 2
44 110 483 16 2
45 106 480 4 4
101 95 480 4 4
43 79 484 8 2
23 94 481 4 4
24 95 481 8 4
42 108 481 8 4
43 111 482 4 4
44 81 482 4 4
42 79 482 8 4
42 110 482 16 4
42 76 483 16 4
38 92 485 32 4
39 92 492 8 2
37 91 493 4 2
40 95 493 4 2
38 92 492 16 4
36 94 492 32 4
40 96 493 4 4
39 92 493 8 4
37 91 494 4 4
85 89 494 8 4
85 90 495 4 4
49 80 506 4 2
50 101 506 4 2
46 80 511 4 2
48 105 511 8 2
48 103 513 4 2
46 77 509 8 4
46 80 510 4 4
48 104 511 8 4
48 103 513 4 4
58 98 523 4 2
58 95 523 8 2
61 88 524 4 2
40 94 520 16 4
58 105 527 4 2
56 81 528 4 2
54 79 529 8 2
50 106 531 4 2
50 107 531 8 2
49 82 532 4 2
50 113 534 4 2
29 94 530 4 4
50 112 534 16 2
49 106 531 4 4
102 95 531 4 4
104 87 531 4 4
49 107 535 8 2
48 79 536 8 2
47 108 532 8 4
48 81 537 4 2
48 110 533 16 4
