99 137 24 4 2
97 133 25 4 2
110 119 25 4 2
98 133 25 8 2
109 119 25 8 2
76 120 27 4 2
99 125 27 4 2
98 135 24 8 4
104 126 29 4 2
110 118 26 4 4
109 118 26 8 4
75 121 27 4 4
100 125 27 8 4
78 123 28 4 4
100 124 28 4 4
86 110 34 4 2
87 110 35 8 2
102 87 38 4 2
102 87 38 8 2
108 115 39 4 2
85 111 35 4 4
108 115 39 8 2
86 111 35 8 4
109 115 38 4 4
108 115 38 8 4
88 91 43 4 2
102 87 39 4 4
89 93 43 8 2
102 87 39 8 4
88 90 43 4 4
89 92 43 8 4
84 72 53 4 2
92 63 53 4 2
100 84 53 4 2
85 72 53 8 2
92 63 53 8 2
100 84 53 8 2
101 84 52 4 4
100 84 52 8 4
59 58 57 4 2
88 69 57 4 2
85 71 53 8 4
93 62 54 4 4
92 62 54 8 4
86 67 55 4 4
57 59 56 4 4
91 55 62 4 2
70 54 63 4 2
73 53 63 8 2
84 37 66 8 2
84 36 67 4 2
90 58 68 4 2
68 54 64 4 4
70 54 65 8 4
75 42 71 4 2
91 59 67 4 4
73 43 71 8 2
84 36 67 8 4
84 36 68 4 4
90 58 68 8 4
72 25 82 4 2
77 19 82 4 2
84 34 82 4 2
72 25 82 8 2
46 14 85 4 2
84 34 81 4 4
71 24 82 4 4
72 25 82 8 4
83 34 82 8 4
77 18 83 4 4
44 14 84 4 4
77 13 91 4 2
76 13 91 8 2
60 12 92 4 2
60 11 93 8 2
77 13 91 4 4
76 13 91 8 4
58 12 93 4 4
77 16 98 4 2
59 12 94 8 4
77 16 97 4 4
76 16 97 8 4
69 6 102 4 2
70 14 99 4 4
78 17 192 4 2
78 17 193 4 4
79 22 200 4 2
62 24 203 4 2
63 24 203 8 2
82 39 205 4 2
79 20 207 4 2
50 25 203 4 4
61 23 203 4 4
62 24 203 8 4
56 33 208 4 2
79 19 205 4 4
82 39 205 8 4
83 40 206 4 4
69 37 211 4 2
56 32 208 4 4
68 37 212 4 4
69 35 212 8 4
76 48 220 4 2
84 42 220 4 2
92 59 220 4 2
77 48 220 8 2
75 47 219 4 4
85 41 219 4 4
76 48 219 8 4
92 60 221 4 4
60 67 226 4 2
75 69 230 4 2
75 69 230 8 2
61 69 231 4 2
95 85 233 4 2
95 84 233 8 2
91 62 235 4 2
61 70 231 4 4
73 68 231 4 4
74 69 231 8 4
68 78 236 8 2
76 70 232 16 4
68 80 237 4 2
91 61 234 4 4
96 85 234 4 4
87 80 238 8 2
96 85 234 8 4
87 81 239 4 2
81 83 240 4 2
66 78 236 8 4
67 80 237 4 4
86 82 237 8 4
86 82 239 4 4
86 97 248 4 2
97 89 249 4 2
106 110 249 4 2
88 98 249 8 2
86 95 246 4 4
87 96 247 8 4
97 88 248 4 4
97 88 248 8 4
69 119 253 4 2
106 110 249 8 4
106 111 250 4 4
62 117 251 4 4
86 121 258 4 2
70 120 255 4 4
86 121 259 8 2
90 122 259 16 2
72 123 260 4 2
111 140 262 4 2
111 140 262 8 2
72 123 259 4 4
85 121 259 4 4
106 113 264 4 2
86 121 260 8 4
88 122 260 16 4
80 136 266 4 2
106 112 262 4 4
80 136 266 8 2
112 140 263 4 4
96 137 267 8 2
105 113 263 8 4
111 140 263 8 4
94 139 268 4 2
79 136 266 8 4
80 137 267 4 4
96 137 267 8 4
101 153 274 4 2
113 144 278 4 2
100 152 274 4 4
112 145 278 8 2
99 154 274 8 4
113 143 277 4 4
112 144 277 8 4
105 153 381 4 2
85 146 382 4 2
111 154 383 4 2
107 152 381 4 4
106 153 381 8 4
87 149 382 4 4
94 138 388 4 2
95 138 388 8 2
98 136 389 16 2
109 116 392 4 2
109 116 392 8 2
113 142 393 4 2
93 140 389 4 4
94 140 389 8 4
96 138 390 16 4
96 122 396 4 2
98 123 396 4 2
97 124 396 8 2
109 116 393 4 4
113 142 393 4 4
109 116 393 8 4
95 122 396 8 4
94 120 397 4 4
108 115 406 4 2
91 100 407 4 2
100 91 407 4 2
91 101 407 8 2
100 92 407 8 2
107 114 407 8 2
108 115 405 4 4
65 90 410 4 2
108 115 406 8 4
84 99 411 4 2
94 99 411 4 2
100 91 408 4 4
99 92 408 8 4
94 102 408 16 4
63 91 409 4 4
91 98 409 8 4
90 97 410 4 4
97 86 415 4 2
85 98 411 4 4
97 86 415 8 2
78 85 416 4 2
79 84 417 8 2
91 67 420 4 2
91 67 420 8 2
97 90 421 4 2
77 86 417 4 4
96 90 422 8 2
78 86 418 8 4
80 84 419 16 4
81 73 424 4 2
98 90 420 4 4
80 74 424 8 2
91 67 421 4 4
91 67 421 8 4
96 90 421 8 4
80 72 424 4 4
80 74 424 8 4
78 54 435 4 2
83 49 435 4 2
91 66 435 4 2
78 56 435 8 2
90 65 435 8 2
91 66 434 4 4
90 66 434 8 4
52 43 439 4 2
64 60 435 4 4
78 55 435 8 4
84 48 436 4 4
62 53 437 4 4
77 52 437 4 4
51 43 439 4 4
84 42 444 4 2
83 42 444 8 2
65 41 445 4 2
66 41 445 8 2
78 26 448 4 2
78 27 448 8 2
83 45 450 4 2
64 42 447 4 4
65 42 447 8 4
65 33 452 8 2
64 31 453 4 2
78 26 449 4 4
83 45 449 4 4
78 26 449 8 4
82 45 449 8 4
73 33 455 4 2
77 43 452 4 4
76 31 456 8 2
66 30 453 4 4
66 32 453 8 4
75 32 456 8 4
68 15 463 4 2
69 16 463 8 2
78 24 464 4 2
76 23 465 8 2
78 25 463 4 4
77 24 463 8 4
69 15 464 8 4
67 14 465 4 4
73 9 465 4 4
72 7 480 4 2
72 7 478 4 4
71 7 479 8 4
74 9 569 4 2
74 10 570 4 4
75 15 578 4 2
60 17 579 4 2
61 17 580 8 2
77 30 582 8 2
78 31 583 4 2
59 16 581 4 4
60 17 581 8 4
53 24 586 4 2
74 13 586 4 2
77 30 583 8 4
75 12 584 4 4
79 31 584 4 4
65 27 589 4 2
53 23 586 4 4
65 27 589 4 4
82 35 594 4 2
72 40 598 4 2
79 34 598 4 2
74 40 599 8 2
80 33 597 4 4
71 39 598 4 4
86 50 599 4 4
73 40 599 8 4
56 57 608 4 2
66 56 608 4 2
53 56 604 4 4
68 57 608 8 2
90 73 611 4 2
90 73 611 8 2
56 58 608 4 4
66 56 608 4 4
85 53 613 4 2
67 56 609 8 4
62 67 614 4 2
86 51 611 4 4
81 68 616 4 2
90 73 612 4 4
90 73 612 8 4
62 67 614 4 4
97 93 625 4 2
82 84 626 4 2
90 76 626 4 2
83 84 626 8 2
82 81 624 4 4
91 75 625 4 4
83 83 625 8 4
98 94 626 4 4
97 94 626 8 4
64 104 632 4 2
99 100 634 4 2
79 104 635 4 2
80 104 635 8 2
65 106 636 4 2
84 106 636 16 2
103 121 638 4 2
103 121 638 8 2
98 98 640 4 2
65 106 636 4 4
79 103 636 4 4
66 105 636 8 4
79 104 636 8 4
82 104 637 16 4
74 119 643 4 2
98 97 639 4 4
74 119 643 8 2
97 98 639 8 4
104 122 640 4 4
104 123 640 8 4
87 120 645 4 2
71 117 642 8 4
74 120 643 4 4
89 121 644 4 4
96 132 650 4 2
95 132 652 4 2
95 133 652 8 2
106 124 653 4 2
113 148 653 4 2
105 126 654 8 2
95 131 651 4 4
106 124 652 4 4
94 132 652 8 4
113 148 653 4 4
105 125 653 8 4
96 134 653 16 4
101 143 658 4 2
101 144 658 4 4
