51 135 7 4 2
93 153 7 4 2
47 125 9 4 2
76 139 11 4 2
76 139 11 8 2
76 138 11 16 2
67 119 12 4 2
69 108 13 4 2
75 127 13 4 2
73 110 14 4 2
74 121 14 4 2
76 140 10 4 4
73 107 14 8 2
76 140 10 8 4
67 96 15 4 2
93 90 15 4 2
80 94 15 16 2
80 96 15 32 2
78 89 16 4 2
54 72 17 4 2
91 85 17 4 2
91 86 17 8 2
90 86 17 16 2
88 86 17 32 2
93 90 15 4 4
82 75 20 4 2
93 87 16 4 4
92 88 16 8 4
39 46 21 4 2
79 60 21 4 2
91 85 17 4 4
79 61 21 8 2
90 86 17 16 4
88 84 17 32 4
78 47 22 4 2
78 48 22 8 2
79 35 23 4 2
92 21 24 4 2
82 76 20 4 4
91 20 24 8 2
82 24 24 16 2
88 20 24 16 2
82 23 25 4 2
79 60 21 4 4
82 24 25 8 2
79 61 21 8 4
82 22 25 32 2
73 10 26 4 2
78 47 22 4 4
88 13 27 4 2
87 13 27 8 2
86 12 27 16 2
92 21 24 4 4
91 19 25 8 4
90 18 25 16 4
88 14 27 4 4
87 13 27 8 4
55 16 66 4 2
54 17 67 8 2
80 11 71 4 2
79 11 71 8 2
71 42 73 4 2
78 26 73 4 2
78 30 73 4 2
81 48 74 4 2
79 11 70 4 4
81 47 74 8 2
92 50 74 8 2
82 46 74 16 2
90 50 74 16 2
82 46 74 32 2
93 50 75 4 2
48 73 76 4 2
92 52 76 4 2
92 51 76 8 2
75 65 77 4 2
89 54 77 4 2
82 49 74 4 4
83 48 74 8 4
77 65 79 4 2
92 52 75 4 4
78 64 79 8 2
92 51 75 8 4
90 54 76 4 4
90 52 76 16 4
76 82 81 4 2
77 77 81 4 2
67 98 82 4 2
74 93 82 4 2
75 102 82 4 2
76 65 78 4 4
94 108 82 8 2
94 108 82 16 2
82 102 82 32 2
81 108 83 4 2
95 108 83 4 2
81 107 83 8 2
80 104 83 16 2
60 126 84 4 2
73 122 84 8 2
72 126 85 8 2
73 130 86 4 2
67 98 82 4 4
95 108 83 4 4
94 108 83 8 4
94 108 83 16 4
90 108 83 32 4
81 127 88 4 2
86 120 88 4 2
81 126 88 8 2
79 140 90 4 2
79 145 90 4 2
86 117 86 4 4
79 140 90 8 2
81 127 88 4 4
76 145 151 4 2
75 146 152 8 2
85 149 154 4 2
72 117 156 4 2
81 130 156 4 2
81 135 156 4 2
72 117 156 8 2
80 107 157 4 2
80 119 157 4 2
85 150 153 4 4
94 98 158 4 2
94 96 159 8 2
90 94 160 16 2
88 94 160 32 2
76 83 161 4 2
75 83 161 8 2
94 98 158 4 4
78 81 163 8 2
93 96 159 8 4
90 94 160 16 4
88 94 160 32 4
77 66 166 4 2
77 82 162 4 4
78 83 162 8 4
76 49 167 4 2
93 28 167 4 2
93 27 167 8 2
92 26 167 16 2
80 27 168 4 2
82 30 168 16 2
80 32 168 32 2
77 66 165 4 4
93 21 171 4 2
93 22 171 8 2
92 22 171 16 2
94 27 168 4 4
93 26 168 8 4
92 26 168 16 4
88 26 168 32 4
77 6 173 8 2
85 9 174 4 2
51 24 213 4 2
46 34 215 4 2
78 8 215 4 2
72 30 217 4 2
79 23 218 4 2
96 44 218 4 2
78 7 214 4 4
95 44 218 8 2
94 44 218 16 2
78 29 219 4 2
83 43 219 8 2
82 40 219 16 2
82 38 219 32 2
81 45 220 4 2
76 61 222 4 2
94 46 222 16 2
85 43 219 4 4
96 44 219 4 4
85 43 219 8 4
95 45 219 8 4
83 59 224 4 2
83 58 224 8 2
94 46 220 16 4
92 46 220 32 4
80 69 226 4 2
65 98 227 4 2
79 87 227 4 2
92 102 227 8 2
84 57 223 8 4
82 98 227 16 2
82 98 227 32 2
45 124 228 4 2
82 99 228 4 2
94 102 228 4 2
83 59 224 4 4
81 99 228 8 2
