99 131 7 4 2
99 130 7 8 2
75 137 8 4 2
86 132 8 16 2
82 132 8 32 2
86 130 9 4 2
85 131 9 8 2
74 114 11 16 2
76 112 12 4 2
76 112 12 8 2
76 112 12 4 4
78 113 12 8 4
73 75 17 4 2
80 77 18 4 2
94 60 18 16 2
86 62 18 32 2
84 62 19 4 2
98 60 19 4 2
84 62 19 8 2
97 59 19 8 2
84 62 19 16 2
77 55 20 4 2
75 43 22 4 2
97 60 19 4 4
97 59 19 8 4
96 58 19 16 4
77 54 20 4 4
75 43 22 4 4
84 6 100 4 2
84 6 100 8 2
97 6 102 8 2
79 22 104 4 2
84 7 100 4 4
85 7 100 8 4
79 24 105 8 2
96 5 101 8 4
57 66 108 4 2
79 43 108 4 2
79 50 108 4 2
79 59 108 4 2
80 20 104 4 4
79 59 108 8 2
80 19 104 8 4
98 72 108 16 2
101 72 109 4 2
100 73 109 8 2
86 70 109 16 2
84 68 109 32 2
85 74 110 4 2
85 73 110 8 2
79 89 111 4 2
94 78 112 4 2
101 72 109 4 4
100 73 109 8 4
98 74 109 16 4
93 77 111 4 4
106 151 119 4 2
105 151 119 8 2
105 151 119 4 4
105 152 119 8 4
102 134 210 4 2
102 133 210 8 2
100 132 210 16 2
78 137 211 4 2
88 134 211 16 2
88 132 212 4 2
88 133 212 8 2
68 112 213 4 2
101 128 213 4 2
100 130 213 16 2
102 134 211 4 4
102 133 211 8 4
102 132 211 16 4
81 111 216 4 2
89 132 212 4 4
81 111 216 8 2
80 95 218 4 2
79 97 218 8 2
78 82 219 4 2
79 64 220 4 2
79 73 220 4 2
99 52 220 4 2
81 111 216 4 4
79 79 220 8 2
98 52 220 8 2
81 112 216 8 4
96 52 220 16 2
80 96 217 4 4
86 54 221 16 2
84 52 222 4 2
84 52 222 8 2
75 38 223 4 2
76 42 223 8 2
99 51 221 4 4
98 51 221 8 4
96 52 221 16 4
85 51 222 4 4
84 50 222 8 4
75 37 223 4 4
78 42 223 8 4
96 9 305 4 2
95 9 305 8 2
94 10 305 16 2
78 13 307 4 2
78 11 307 8 2
74 28 308 4 2
74 28 308 8 2
96 9 306 4 4
79 11 306 8 4
95 10 306 8 4
94 10 306 16 4
82 26 311 4 2
79 15 307 4 4
78 44 314 4 2
79 56 314 4 2
82 26 310 4 4
74 75 315 4 2
98 84 315 16 2
100 84 316 4 2
100 84 316 8 2
84 86 316 16 2
86 84 316 32 2
86 85 317 4 2
85 85 317 8 2
100 84 316 4 4
100 85 316 8 4
76 108 320 16 2
86 86 316 16 4
98 84 316 16 4
90 86 316 32 4
80 105 321 4 2
86 87 317 4 4
80 106 321 8 2
86 87 317 8 4
89 94 322 4 2
