91 132 10 4 2
60 128 10 8 2
93 126 11 4 2
93 128 11 8 2
107 121 12 4 2
106 121 12 8 2
86 113 13 4 2
106 121 12 4 4
106 121 12 8 4
91 75 20 4 2
90 75 20 8 2
78 80 20 16 2
79 77 21 4 2
79 78 21 8 2
73 65 24 4 2
90 75 20 8 4
44 54 25 4 2
80 77 21 4 4
90 75 21 4 4
80 78 21 8 4
74 67 24 8 4
74 65 25 4 4
63 36 31 4 2
78 34 31 4 2
62 36 31 8 2
63 35 31 4 4
78 34 31 4 4
63 36 31 8 4
68 10 101 4 2
57 9 102 4 2
57 8 102 8 2
29 18 103 8 2
28 21 104 4 2
69 11 105 4 2
57 9 102 4 4
52 23 106 8 2
57 8 102 8 4
69 11 103 4 4
29 18 103 8 4
60 18 108 4 2
46 45 111 4 2
45 45 111 8 2
68 46 112 4 2
80 45 112 4 2
67 46 112 8 2
79 45 112 8 2
66 44 112 16 2
47 44 111 4 4
70 46 112 4 4
79 45 112 4 4
69 47 112 8 4
78 45 112 8 4
68 46 112 16 4
69 57 117 4 2
69 58 117 8 2
44 79 119 4 2
69 69 119 4 2
43 79 119 8 2
69 54 115 8 4
69 55 116 4 4
92 85 120 8 2
93 85 121 4 2
79 86 122 4 2
79 85 122 8 2
78 98 124 4 2
94 87 124 8 2
93 86 122 4 4
93 86 122 8 4
100 138 131 4 2
110 136 131 4 2
100 137 131 8 2
110 137 132 8 2
108 138 132 16 2
97 154 135 4 2
110 136 132 4 4
110 137 132 8 4
108 138 132 16 4
99 153 136 4 4
99 153 136 8 4
60 118 224 8 2
93 117 225 4 2
104 112 225 4 2
93 118 225 8 2
103 112 225 8 2
84 103 227 4 2
94 116 225 8 4
104 112 226 4 4
103 112 226 8 4
88 66 234 4 2
87 66 234 8 2
79 68 235 4 2
78 68 235 8 2
76 66 236 16 2
70 62 237 4 2
80 67 235 4 4
88 65 235 4 4
88 65 235 8 4
76 62 237 8 4
76 62 237 16 4
71 50 242 4 2
75 59 238 4 4
77 24 245 4 2
68 29 245 8 2
67 27 246 4 2
60 18 247 8 2
67 27 246 4 4
77 24 246 4 4
62 22 247 4 4
74 20 322 4 2
73 20 322 8 2
66 20 323 4 2
44 24 324 4 2
64 20 324 4 2
63 19 324 8 2
76 21 325 4 2
75 21 326 8 2
68 20 323 4 4
75 20 324 4 4
74 21 324 8 4
66 32 329 4 2
66 34 329 8 2
66 30 328 4 4
67 31 328 8 4
70 48 333 4 2
87 55 333 4 2
73 55 334 4 2
73 54 334 8 2
72 64 336 4 2
71 66 337 8 2
87 56 335 4 4
86 56 335 8 4
77 66 340 4 2
72 64 336 4 4
78 65 340 8 2
72 65 337 8 4
99 98 343 8 2
90 98 344 4 2
100 97 344 4 2
89 98 344 8 2
87 111 347 4 2
90 98 344 4 4
100 97 344 4 4
100 98 344 8 4
90 111 349 4 2
89 109 348 4 4
