97 139 8 4 2
96 139 8 8 2
55 146 9 4 2
81 144 12 8 2
81 144 13 4 2
97 138 9 4 4
81 143 12 8 4
80 146 12 16 4
80 143 13 4 4
71 125 20 4 2
73 124 21 8 2
52 118 22 4 2
92 101 22 4 2
96 135 22 4 2
93 101 22 8 2
74 122 22 16 2
92 102 22 16 2
94 100 23 4 2
95 134 23 8 2
94 132 23 16 2
78 118 23 32 2
72 125 20 4 4
54 103 24 8 2
73 125 20 8 4
53 120 21 4 4
68 119 21 4 4
53 119 21 8 4
74 124 21 16 4
96 136 22 4 4
95 135 22 8 4
94 134 22 16 4
76 120 22 32 4
73 107 27 8 2
93 100 23 8 4
92 100 23 16 4
70 105 28 4 2
81 106 28 4 2
94 99 24 4 4
83 108 28 8 2
59 97 30 4 2
78 104 26 4 4
59 96 30 8 2
76 108 26 16 4
74 106 27 8 4
70 88 32 4 2
71 104 28 4 4
92 92 32 16 2
71 88 33 8 2
72 88 33 16 2
59 96 31 4 4
59 95 31 8 4
92 63 36 4 2
92 63 36 8 2
92 62 36 16 2
93 96 37 4 2
93 96 37 8 2
92 96 37 16 2
50 68 38 4 2
70 89 34 4 4
70 89 34 8 4
65 82 35 4 4
70 88 35 16 4
94 97 36 4 4
52 81 36 8 4
93 97 36 8 4
92 96 36 16 4
74 86 36 32 4
92 62 37 4 4
76 67 41 8 2
92 62 37 8 4
78 70 41 16 2
90 62 37 16 4
76 66 42 4 2
76 66 41 8 4
76 70 41 16 4
89 53 46 4 2
75 65 42 4 4
91 53 46 8 2
69 48 48 4 2
71 48 49 8 2
67 41 51 4 2
88 25 51 4 2
93 58 51 4 2
88 25 51 8 2
92 58 51 8 2
88 26 51 16 2
70 40 52 8 2
72 40 52 16 2
92 58 52 16 2
70 49 49 4 4
71 49 49 8 4
66 42 50 4 4
93 59 50 4 4
49 23 54 8 2
72 34 54 8 2
93 59 50 8 4
72 48 50 16 4
49 22 55 4 2
92 58 51 16 4
76 44 51 32 4
70 31 56 4 2
89 24 52 8 4
88 24 52 16 4
90 24 53 4 4
79 27 53 8 4
78 28 54 4 4
48 24 54 8 4
84 17 59 4 2
81 15 59 8 2
56 18 60 4 2
90 15 60 8 2
66 11 61 4 2
69 30 57 4 4
67 11 61 8 2
57 18 60 4 4
90 21 65 4 2
66 12 62 4 4
89 20 66 8 2
67 12 62 8 4
91 22 64 4 4
90 21 65 8 4
88 20 65 16 4
98 6 158 4 2
98 6 158 8 2
98 7 159 4 4
98 7 159 8 4
73 21 169 4 2
74 21 169 8 2
76 22 169 16 2
97 10 172 4 2
97 47 172 4 2
97 11 172 8 2
97 47 172 8 2
73 21 169 4 4
74 21 169 8 4
76 22 170 16 4
70 30 171 4 4
98 10 171 4 4
97 10 171 8 4
96 12 172 16 4
64 48 177 4 2
98 48 173 4 4
79 44 177 8 2
97 48 173 8 4
80 40 177 16 2
96 48 173 16 4
78 46 178 4 2
65 48 178 8 2
83 47 176 4 4
84 46 176 8 4
80 42 177 16 4
97 57 182 4 2
64 49 178 4 4
99 57 182 8 2
64 49 178 8 4
78 63 184 4 2
79 63 184 8 2
98 53 186 4 2
101 86 186 4 2
101 86 186 8 2
80 66 186 16 2
100 86 186 16 2
98 53 187 8 2
84 70 187 32 2
78 62 184 4 4
79 62 184 8 4
57 87 189 4 2
74 69 185 4 4
99 51 185 4 4
80 62 185 16 4
85 81 190 8 2
98 52 186 8 4
98 52 186 16 4
82 66 186 32 4
69 82 191 4 2
84 83 191 4 2
101 86 187 4 4
101 87 187 8 4
100 86 187 16 4
84 80 189 16 4
85 83 190 4 4
86 83 190 8 4
101 94 195 4 2
101 94 195 8 2
76 100 196 4 2
77 100 196 8 2
80 100 197 16 2
101 89 200 4 2
101 125 200 4 2
101 90 200 8 2
101 125 200 8 2
100 124 200 16 2
103 126 201 4 2
76 99 197 4 4
77 100 197 8 4
78 100 197 16 4
102 88 199 4 4
101 89 199 8 4
84 104 199 32 4
85 123 204 4 2
91 120 204 4 2
83 121 204 8 2
84 118 204 16 2
100 90 200 16 4
102 126 201 8 4
100 126 201 16 4
103 126 202 4 4
86 114 202 32 4
67 129 207 4 2
67 129 207 8 2
89 123 203 8 4
86 120 203 16 4
88 123 204 4 4
103 134 209 4 2
103 134 209 8 2
102 134 209 16 2
80 140 211 4 2
67 129 207 4 4
82 140 211 8 2
84 140 211 16 2
67 130 208 8 4
103 129 214 4 2
103 129 214 8 2
80 139 211 4 4
81 139 211 8 4
102 130 215 16 2
82 140 212 16 4
103 128 213 4 4
102 129 214 8 4
102 130 214 16 4
103 140 334 4 2
102 140 334 8 2
61 144 336 8 2
61 143 337 4 2
103 140 335 4 4
88 146 339 8 2
102 140 335 16 4
88 145 340 4 2
103 139 336 8 4
60 144 337 4 4
88 144 338 8 4
88 143 339 4 4
60 121 348 4 2
81 125 348 4 2
81 124 348 8 2
101 102 349 4 2
104 136 349 4 2
101 102 349 8 2
104 136 349 8 2
82 122 349 16 2
100 102 349 16 2
88 120 349 32 2
62 105 350 8 2
102 134 350 16 2
80 126 347 4 4
81 126 347 8 4
64 103 352 4 2
61 121 348 4 4
77 120 348 4 4
105 137 348 4 4
104 136 348 8 4
82 124 348 16 4
82 109 353 8 2
102 136 349 16 4
86 122 349 32 4
80 107 354 4 2
90 108 354 4 2
102 101 350 4 4
101 101 350 8 4
100 102 350 16 4
63 105 351 8 4
68 98 356 4 2
88 106 352 4 4
86 107 352 8 4
84 112 352 16 4
72 95 357 8 2
77 89 359 4 2
79 107 355 4 4
78 89 359 8 2
69 98 356 4 4
80 88 360 16 2
72 96 357 8 4
100 62 363 4 2
102 97 363 4 2
99 62 363 8 2
101 97 363 8 2
98 62 363 16 2
100 96 363 16 2
77 90 360 4 4
78 90 360 8 4
80 90 360 16 4
73 83 362 4 4
102 98 362 4 4
102 97 362 8 4
84 70 367 16 2
100 96 363 16 4
84 66 368 4 2
100 62 364 4 4
84 67 368 8 2
99 61 364 8 4
98 62 364 16 4
86 68 367 16 4
83 64 368 4 4
84 66 368 8 4
96 51 373 4 2
99 51 373 8 2
77 47 375 4 2
79 47 376 8 2
95 25 377 4 2
101 58 377 4 2
96 25 377 8 2
96 26 377 16 2
100 57 378 8 2
80 40 378 16 2
100 56 378 16 2
85 31 379 4 2
78 48 375 4 4
74 41 376 4 4
58 24 380 8 2
79 48 376 8 4
80 46 376 16 4
59 22 381 4 2
101 58 377 4 4
58 40 377 8 4
100 57 377 8 4
98 56 377 16 4
84 44 377 32 4
97 24 378 8 4
96 24 378 16 4
77 29 383 4 2
98 23 379 4 4
88 26 379 8 4
58 24 380 8 4
64 17 386 4 2
58 22 382 4 4
90 14 386 8 2
99 14 387 4 2
98 14 387 8 2
74 10 388 4 2
76 28 384 4 4
76 8 388 8 2
77 5 389 8 2
65 18 386 4 4
98 19 392 4 2
74 11 388 4 4
75 10 388 8 4
97 18 393 8 2
99 20 391 4 4
98 19 392 8 4
96 18 392 16 4
97 11 486 4 2
97 11 486 8 2
97 11 486 4 4
97 11 486 8 4
84 6 491 4 2
96 10 487 16 4
84 6 489 8 4
84 8 490 4 4
75 25 496 8 2
75 24 497 4 2
78 26 497 16 2
98 49 499 4 2
98 49 499 8 2
99 14 500 4 2
74 24 497 4 4
98 16 501 8 2
75 24 497 8 4
76 24 497 16 4
73 32 498 4 4
99 14 499 4 4
98 15 500 8 4
99 50 500 8 4
82 42 504 16 2
98 16 500 16 4
67 49 505 4 2
100 50 501 4 4
67 48 505 8 2
81 44 505 8 2
98 50 501 16 4
81 46 506 4 2
86 48 504 4 4
86 47 504 8 4
82 42 504 16 4
66 49 505 4 4
82 47 505 4 4
67 49 505 8 4
102 59 510 8 2
81 64 511 4 2
82 64 511 8 2
84 64 512 16 2
77 71 514 4 2
102 54 514 4 2
104 87 514 4 2
104 87 514 8 2
102 86 514 16 2
88 70 514 32 2
70 71 515 4 2
81 63 511 4 4
101 55 515 8 2
100 56 515 16 2
89 81 516 4 2
89 80 516 8 2
82 63 512 8 4
61 89 517 4 2
84 64 513 16 4
76 71 514 4 4
102 54 514 4 4
102 54 514 8 4
100 54 514 16 4
86 68 514 32 4
73 83 519 4 2
105 88 515 4 4
89 82 519 8 2
104 88 515 8 4
104 88 515 16 4
89 84 520 4 2
88 80 517 16 4
105 96 523 4 2
89 84 519 8 4
89 85 520 4 4
105 97 524 8 2
80 102 525 4 2
81 102 525 8 2
84 104 525 16 2
63 110 528 4 2
103 126 528 4 2
103 126 528 8 2
102 126 528 16 2
104 91 529 4 2
103 92 529 8 2
80 101 526 4 4
81 102 526 8 4
82 102 526 16 4
63 109 527 4 4
104 91 528 4 4
104 91 528 8 4
88 120 532 16 2
86 106 528 32 4
93 122 533 4 2
86 123 533 8 2
102 92 529 16 4
104 127 530 4 4
104 128 530 8 4
102 128 530 16 4
69 128 535 4 2
70 128 535 8 2
102 124 535 16 2
104 123 536 8 2
92 126 533 4 4
91 124 533 8 4
86 122 533 16 4
104 135 538 4 2
104 136 538 8 2
69 129 535 4 4
70 129 535 8 4
104 136 539 16 2
84 142 540 4 2
84 142 540 8 2
