72 27 15 4 2
73 27 15 8 2
69 37 18 4 2
70 37 18 8 2
96 25 19 4 2
72 27 15 4 4
72 27 15 8 4
94 56 20 4 2
94 58 20 8 2
95 60 21 4 2
70 37 18 4 4
97 25 18 4 4
70 37 18 8 4
72 60 25 4 2
74 60 25 8 2
94 58 21 8 4
95 56 22 4 4
95 60 22 4 4
74 62 26 8 2
74 65 27 4 2
75 65 27 8 2
95 62 29 4 2
72 60 25 4 4
94 61 29 8 2
73 60 25 8 4
73 62 26 8 4
99 91 31 4 2
73 65 27 4 4
96 62 28 4 4
95 61 28 8 4
70 88 33 4 2
99 91 32 4 4
76 99 37 4 2
78 99 37 8 2
69 88 33 8 4
70 88 34 4 4
73 107 39 4 2
76 107 40 8 2
98 121 41 4 2
74 98 37 4 4
97 122 41 8 2
75 98 37 8 4
100 98 42 4 2
73 107 39 4 4
74 107 40 8 4
100 97 41 4 4
98 122 42 4 4
97 123 42 8 4
76 128 47 4 2
77 128 47 8 2
76 127 47 4 4
76 128 47 8 4
99 130 52 4 2
100 130 51 4 4
41 150 54 4 4
85 146 94 8 2
79 137 95 4 2
79 138 95 8 2
77 132 96 4 2
82 136 96 16 2
31 124 97 4 2
79 140 94 4 4
31 121 98 8 2
51 114 99 4 2
101 142 99 4 2
50 115 99 8 2
79 139 95 8 4
80 138 95 16 4
33 127 96 4 4
76 131 96 4 4
34 126 97 8 4
36 126 97 16 4
102 143 98 4 4
72 127 98 8 4
102 143 98 8 4
50 113 100 4 4
78 102 105 4 2
78 103 105 8 2
102 114 102 4 4
82 102 106 16 2
100 108 107 8 2
100 106 108 4 2
78 103 105 8 4
78 102 106 4 4
101 108 106 8 4
101 107 107 4 4
75 67 114 4 2
72 64 114 8 2
72 60 115 4 2
73 56 117 4 2
53 51 118 4 2
102 69 118 4 2
75 67 114 4 4
73 64 114 8 4
72 64 114 16 4
72 60 115 4 4
102 68 118 4 4
74 30 125 4 2
73 30 125 8 2
76 30 125 16 2
97 37 122 8 4
98 38 123 4 4
97 33 129 4 2
96 33 129 8 2
73 30 125 8 4
72 30 125 16 4
73 30 126 4 4
97 33 128 4 4
97 34 128 8 4
99 13 211 4 4
74 21 216 4 2
75 21 216 8 2
72 30 218 4 2
73 29 218 8 2
99 18 219 4 2
72 31 219 8 2
74 21 216 4 4
74 20 216 8 4
99 52 221 4 2
100 18 218 4 4
72 30 219 8 4
72 46 224 4 2
75 53 225 4 2
75 53 225 8 2
99 48 222 4 4
99 50 222 8 4
76 59 227 4 2
99 55 229 4 2
74 53 225 4 4
74 53 225 8 4
100 55 228 4 4
99 53 228 8 4
76 92 235 4 2
102 86 232 4 4
77 97 237 4 2
71 88 234 8 4
75 105 239 4 2
46 117 240 4 2
102 94 241 4 2
100 122 242 4 2
98 125 242 8 2
72 119 244 4 2
103 94 240 4 4
72 120 244 8 2
77 126 246 4 2
78 126 246 8 2
82 126 246 16 2
100 123 243 4 4
99 125 243 8 4
50 124 244 4 4
70 122 244 16 4
72 120 245 4 4
71 121 245 8 4
78 126 246 16 4
77 127 247 4 4
77 128 247 8 4
101 130 253 4 2
101 130 252 4 4
50 147 291 4 2
50 147 291 4 4
57 138 296 4 2
57 134 297 8 2
79 142 298 4 2
79 142 298 8 2
82 142 299 16 2
41 146 296 4 4
56 138 296 4 4
52 121 301 4 2
76 133 301 4 2
52 122 301 8 2
77 133 301 8 2
56 135 297 8 4
104 149 302 4 2
79 142 298 4 4
103 150 302 8 2
44 144 298 8 4
79 143 298 8 4
80 142 299 16 4
76 133 301 4 4
104 150 301 4 4
76 133 301 8 4
104 151 301 8 4
52 121 302 4 4
51 122 302 8 4
77 110 309 4 2
77 110 309 8 2
100 119 305 8 4
80 108 310 16 2
99 114 312 4 2
102 121 308 4 4
98 115 312 8 2
77 110 309 4 4
77 110 309 8 4
78 110 310 16 4
100 114 311 4 4
99 115 311 8 4
75 75 317 8 2
75 74 318 4 2
73 68 320 4 2
73 70 320 8 2
71 62 322 4 2
75 74 318 4 4
70 61 323 8 2
73 71 319 8 4
72 72 319 16 4
70 62 322 4 4
69 63 322 8 4
69 61 323 8 4
73 36 330 8 2
73 35 331 4 2
74 34 331 16 2
71 26 333 4 2
95 40 334 4 2
95 41 334 8 2
72 36 330 16 4
73 35 331 4 4
72 35 331 8 4
96 40 333 4 4
95 41 333 8 4
