23 144 14 4 2
26 145 14 4 2
69 150 15 4 2
28 144 15 8 2
16 135 16 4 2
70 147 16 4 2
27 147 14 4 4
28 146 14 8 4
68 150 15 4 4
91 136 19 8 2
90 136 19 16 2
90 140 19 32 2
70 134 20 4 2
62 149 16 4 4
72 132 20 8 2
30 124 21 4 2
82 134 21 4 2
32 124 21 8 2
73 130 21 8 2
82 136 21 8 2
82 138 21 16 2
80 142 21 32 2
91 139 22 4 2
90 140 22 8 2
83 122 23 4 2
90 122 24 8 2
86 122 24 16 2
34 128 20 16 4
82 122 24 32 2
91 122 25 4 2
31 125 21 4 4
32 125 21 8 4
84 112 25 64 2
91 138 22 4 4
66 96 27 4 2
90 125 23 8 4
88 124 23 16 4
91 124 24 4 4
67 94 28 8 2
84 124 24 32 4
23 85 29 4 2
91 88 29 4 2
22 86 29 8 2
90 87 29 8 2
80 112 25 64 4
83 85 30 4 2
88 88 30 16 2
65 82 31 4 2
66 96 27 4 4
68 82 31 8 2
66 95 27 8 4
80 90 31 32 2
80 96 31 64 2
90 74 32 4 2
90 90 32 4 2
89 73 32 8 2
88 72 32 16 2
79 74 33 4 2
78 74 33 8 2
24 87 29 8 4
24 88 29 16 4
86 72 33 32 2
18 84 29 32 4
91 88 30 4 4
86 88 30 32 4
92 68 34 64 2
80 96 30 64 4
65 82 31 4 4
68 82 31 8 4
72 84 31 16 4
88 78 32 16 4
79 75 33 4 4
91 76 33 4 4
90 77 33 8 4
86 76 33 32 4
90 33 38 4 2
90 39 38 4 2
22 44 38 8 2
92 48 38 64 2
88 68 34 64 4
22 40 39 4 2
60 45 39 4 2
59 44 39 8 2
90 37 39 8 2
88 38 39 16 2
88 42 39 32 2
78 37 40 4 2
63 33 40 8 2
62 29 41 4 2
90 26 41 4 2
89 24 41 8 2
88 22 41 16 2
91 39 38 4 4
24 46 38 16 4
59 44 39 4 4
23 43 39 8 4
59 44 39 8 4
90 36 39 8 4
90 38 39 16 4
88 20 43 32 2
88 40 39 32 4
63 22 44 4 2
8 16 44 8 2
18 18 44 8 2
64 21 44 8 2
61 31 40 8 4
62 34 40 16 4
6 16 45 4 2
18 16 45 4 2
62 28 41 4 4
18 16 45 8 2
92 5 47 4 2
45 19 43 4 4
91 5 47 8 2
45 19 43 8 4
88 22 43 32 4
62 21 44 4 4
62 21 44 8 4
15 10 93 4 2
26 13 94 4 2
70 15 97 4 2
15 9 93 4 4
71 14 97 8 2
74 10 97 16 2
91 8 98 4 2
27 13 94 4 4
90 9 98 8 2
92 37 99 4 2
79 7 95 4 4
28 14 95 8 4
64 34 100 4 2
92 41 100 4 2
71 12 96 4 4
65 35 100 8 2
91 39 100 8 2
79 6 96 8 4
90 37 101 8 2
71 13 97 8 4
90 7 97 8 4
74 10 97 16 4
88 36 102 16 2
12 49 103 4 2
66 42 103 4 2
80 40 103 4 2
67 42 103 8 2
80 38 103 8 2
80 34 103 16 2
80 30 103 32 2
92 32 104 4 2
92 6 100 4 4
91 51 104 8 2
65 35 100 8 4
90 54 105 16 2
79 50 106 4 2
79 50 106 8 2
88 54 106 32 2
65 42 103 4 4
82 40 103 4 4
82 30 103 32 4
8 68 108 4 2
92 48 108 4 2
9 68 108 8 2
67 43 104 8 4
65 64 109 4 2
80 47 105 4 4
68 70 110 4 2
93 78 110 4 2
68 69 110 8 2
91 48 106 8 4
90 50 106 16 4
88 52 106 32 4
63 73 111 4 2
92 84 111 4 2
92 47 107 4 4
92 79 111 8 2
90 76 111 16 2
90 74 111 32 2
88 56 107 64 4
24 83 112 4 2
24 80 112 8 2
12 88 113 4 2
67 83 113 4 2
81 82 113 4 2
65 64 109 4 4
13 88 113 8 2
70 83 113 8 2
80 81 113 8 2
14 86 113 16 2
74 82 113 16 2
67 69 110 4 4
67 69 110 8 4
93 80 111 4 4
90 92 115 8 2
88 68 111 64 4
25 83 112 4 4
80 92 116 8 2
26 80 112 8 4
90 92 116 16 2
26 78 112 16 4
92 80 112 16 4
20 82 112 32 4
90 76 112 32 4
92 90 117 4 2
82 82 113 4 4
88 96 117 32 2
67 83 114 4 4
69 84 114 8 4
72 82 114 16 4
91 88 115 8 4
90 88 115 16 4
67 110 120 4 2
92 118 120 4 2
92 89 116 4 4
67 111 120 8 2
88 90 116 32 4
91 118 121 8 2
90 118 121 16 2
90 114 121 32 2
67 122 123 4 2
78 126 124 4 2
91 130 124 4 2
66 110 120 4 4
76 126 124 8 2
90 131 124 8 2
67 111 120 8 4
74 124 124 16 2
88 132 124 16 2
86 130 124 32 2
92 120 121 4 4
92 120 121 8 4
92 118 121 16 4
88 118 122 32 4
66 122 123 4 4
78 133 127 8 2
90 126 123 8 4
84 124 123 32 4
90 150 128 4 2
89 151 128 8 2
72 124 124 16 4
78 128 125 4 4
92 129 125 4 4
77 127 125 8 4
90 151 128 4 4
21 145 166 4 2
25 146 167 4 2
26 145 167 8 2
87 154 167 8 2
14 135 169 4 2
68 145 169 4 2
69 146 169 8 2
91 136 170 4 2
22 146 166 4 4
90 135 171 8 2
26 147 167 8 4
90 136 171 16 2
68 134 172 4 2
16 121 173 4 2
80 133 173 4 2
67 146 169 4 4
70 131 173 8 2
79 134 173 8 2
80 138 173 16 2
80 144 173 32 2
90 138 175 4 2
81 122 176 4 2
79 122 176 8 2
91 133 172 8 4
90 134 172 16 4
80 132 173 4 4
91 137 173 4 4
90 122 177 8 2
70 132 173 8 4
79 133 173 8 4
88 120 177 16 2
84 120 177 32 2
91 123 178 4 2
92 96 179 4 2
66 100 180 4 2
81 122 176 4 4
91 95 180 8 2
90 124 176 8 4
88 124 176 16 4
91 124 177 4 4
68 99 181 8 2
90 96 181 16 2
84 122 177 32 4
23 90 182 4 2
65 90 183 4 2
68 90 183 8 2
79 93 183 8 2
80 96 183 16 2
80 98 183 32 2
80 112 179 64 4
91 82 184 4 2
91 99 184 4 2
66 100 180 4 4
92 96 180 4 4
90 81 184 8 2
66 100 180 8 4
91 94 180 8 4
78 82 185 4 2
90 80 185 16 2
90 94 181 16 4
78 80 186 8 2
88 78 186 32 2
88 96 182 32 4
67 90 183 8 4
88 76 187 64 2
92 51 189 4 2
92 84 189 4 2
79 83 185 4 4
92 86 189 8 2
80 83 185 8 4
90 84 185 16 4
66 59 190 4 2
92 84 186 4 4
91 50 190 8 2
91 84 186 8 4
88 82 186 32 4
90 50 191 16 2
90 52 191 32 2
92 56 191 64 2
88 72 187 64 4
65 46 193 4 2
79 47 193 4 2
66 45 193 8 2
91 36 194 4 2
92 50 190 4 4
90 35 194 8 2
92 49 190 8 4
78 37 195 4 2
90 32 195 16 2
28 56 191 16 4
90 48 191 16 4
90 50 191 32 4
7 28 197 4 2
59 25 197 4 2
65 46 193 4 4
79 46 193 4 4
9 28 197 8 2
66 45 193 8 4
68 46 193 16 4
64 25 198 4 2
91 36 194 8 4
92 14 199 4 2
92 37 195 4 4
90 34 195 16 4
90 14 200 8 2
88 32 196 32 4
23 10 201 4 2
83 12 201 4 2
11 9 202 4 2
64 11 202 4 2
63 26 198 4 4
68 7 202 8 2
75 6 203 4 2
92 13 199 4 4
92 17 204 4 2
91 18 204 8 2
91 13 200 8 4
88 20 204 16 2
23 9 201 4 4
11 8 202 4 4
64 11 202 4 4
84 12 202 4 4
75 6 203 4 4
67 7 203 8 4
13 9 245 4 2
14 9 245 4 4
45 6 245 8 4
14 23 250 4 2
49 29 250 4 2
68 13 250 4 2
79 12 250 4 2
13 23 250 8 2
48 30 250 8 2
78 11 250 8 2
92 5 252 4 2
79 22 253 4 2
72 27 254 4 2
14 23 250 4 4
68 13 250 4 4
80 13 250 4 4
74 25 254 8 2
14 23 250 8 4
76 22 254 16 2
80 22 254 32 2
84 28 254 64 2
10 41 255 4 2
92 21 255 4 2
10 40 255 8 2
91 22 255 8 2
78 12 251 8 4
93 48 256 4 2
80 20 252 4 4
91 5 252 8 4
65 46 257 4 2
73 25 253 4 4
92 5 253 4 4
92 50 257 8 2
79 19 253 8 4
91 20 254 8 4
90 48 258 16 2
80 20 254 16 4
88 22 254 16 4
80 22 254 32 4
92 20 255 4 4
80 32 255 64 4
12 58 260 4 2
66 54 260 4 2
82 52 260 4 2
12 58 260 8 2
81 50 260 8 2
82 44 260 32 2
71 61 261 4 2
93 44 261 4 2
93 61 261 4 2
93 50 257 4 4
68 55 261 8 2
92 62 261 8 2
92 52 258 8 4
90 64 262 16 2
92 50 258 16 4
81 62 263 4 2
84 52 259 4 4
81 62 263 8 2
90 64 263 32 2
88 44 259 32 4
93 60 265 4 2
66 55 261 4 4
68 55 261 8 4
67 77 266 4 2
81 59 262 4 4
68 79 266 8 2
65 82 267 4 2
93 90 267 4 2
92 59 263 8 4
90 60 263 16 4
90 62 263 32 4
92 95 268 4 2
93 59 264 4 4
26 87 268 8 2
92 92 268 8 2
92 88 268 16 2
92 84 268 32 2
13 95 269 4 2
24 91 269 4 2
13 95 269 8 2
67 92 270 4 2
81 92 270 4 2
68 93 270 8 2
80 90 270 8 2
62 80 267 4 4
67 79 267 4 4
67 80 267 8 4
78 86 271 16 2
80 100 272 4 2
92 102 272 4 2
93 91 268 4 4
92 92 268 8 4
28 86 268 16 4
92 90 268 16 4
92 86 268 32 4
26 90 269 4 4
91 103 273 8 2
27 88 269 8 4
90 106 273 16 2
22 86 269 32 4
67 92 270 4 4
81 93 270 4 4
68 93 270 8 4
72 92 270 16 4
10 115 275 4 2
65 110 275 4 2
92 110 275 32 2
93 122 276 4 2
68 113 276 8 2
93 126 277 4 2
93 100 273 4 4
92 123 277 8 2
92 101 273 8 4
92 102 273 16 4
24 106 274 8 4
90 122 278 16 2
90 106 274 32 4
67 125 279 4 2
80 125 279 4 2
65 109 275 4 4
80 124 279 8 2
86 122 279 32 2
78 128 280 4 2
92 133 280 4 2
67 112 276 8 4
78 122 280 16 2
80 118 280 32 2
93 125 277 4 4
91 135 281 8 2
90 136 281 16 2
88 134 281 32 2
92 127 278 4 4
92 125 278 8 4
90 124 278 16 4
86 122 279 32 4
76 138 284 4 2
66 125 280 4 4
78 128 280 4 4
77 137 284 8 2
77 128 280 8 4
72 126 280 16 4
91 151 285 4 2
91 154 285 8 2
76 138 284 4 4
91 152 284 4 4
90 152 284 8 4
91 154 285 8 4
