30 91 9 4 2
30 91 9 8 2
37 75 9 8 2
39 84 12 4 2
38 85 14 4 2
27 99 15 4 2
39 86 15 8 2
42 84 19 4 2
27 98 15 4 4
40 85 15 4 4
42 85 19 8 2
40 85 15 8 4
38 88 19 16 2
29 86 18 4 4
41 85 18 8 4
42 84 19 4 4
38 86 19 16 4
27 85 26 4 2
31 90 22 4 4
25 98 27 4 2
35 85 27 4 2
36 86 27 8 2
40 76 28 4 2
27 85 26 4 4
26 96 27 4 4
36 85 27 4 4
40 76 27 4 4
37 86 27 8 4
39 75 32 8 2
29 93 33 4 2
30 92 33 8 2
41 83 34 4 2
40 84 34 8 2
39 76 31 8 4
28 94 33 4 4
29 93 33 8 4
39 85 38 4 2
39 86 38 8 2
28 99 39 4 2
40 84 35 4 4
41 84 38 4 4
40 85 38 8 4
43 84 43 4 2
28 98 39 4 4
42 84 43 8 2
38 86 43 16 2
32 88 47 4 2
43 84 43 4 4
42 84 43 8 4
38 86 43 16 4
26 96 51 4 2
35 84 52 4 2
27 86 48 4 4
39 75 53 4 2
36 85 50 8 4
27 95 51 4 4
36 85 51 4 4
40 75 51 4 4
37 76 56 8 2
28 93 57 4 2
29 93 57 8 2
40 83 58 4 2
39 82 58 8 2
38 76 55 8 4
28 94 57 4 4
39 84 62 4 2
39 85 62 8 2
27 99 63 4 2
41 82 66 4 2
40 83 66 8 2
38 74 67 4 2
28 97 63 4 4
40 83 63 4 4
40 84 63 8 4
32 88 68 4 2
41 83 66 4 4
31 88 70 4 4
27 84 74 8 2
25 96 75 4 2
26 83 75 4 2
36 83 76 4 2
27 85 74 8 4
26 95 75 4 4
27 83 75 4 4
37 83 76 4 4
38 73 76 4 4
36 73 80 8 2
27 93 81 4 2
37 72 81 4 2
36 73 80 8 4
26 94 81 4 4
24 97 87 4 2
38 83 87 4 2
38 84 87 8 2
26 85 86 8 4
40 82 91 4 2
25 96 87 4 4
39 82 91 8 2
25 95 87 8 4
39 82 88 4 4
38 72 93 4 2
35 75 94 4 2
40 82 91 4 4
39 82 91 8 4
30 85 97 8 2
31 83 98 4 2
26 84 99 4 2
28 90 95 4 4
24 96 101 4 2
33 84 101 4 2
26 84 99 4 4
34 84 100 4 4
36 72 105 4 2
24 95 101 4 4
37 73 101 4 4
35 73 106 8 2
25 91 107 4 2
25 91 107 8 2
37 81 108 4 2
37 79 108 8 2
35 73 105 8 4
25 92 107 4 4
34 84 112 4 2
25 91 108 8 4
22 98 113 4 2
35 84 113 8 2
38 82 117 4 2
22 96 113 4 4
38 82 117 8 2
36 84 113 8 4
27 92 120 4 2
33 77 120 4 2
39 82 117 4 4
38 83 117 8 4
26 83 124 4 2
26 93 120 4 4
25 95 125 4 2
25 90 130 4 2
34 72 130 4 2
34 73 130 8 2
35 74 127 4 4
24 89 132 8 2
34 73 130 8 4
25 90 131 4 4
32 83 136 4 2
23 98 137 4 2
39 81 141 4 2
24 96 137 4 4
39 82 141 8 2
36 84 141 16 2
39 81 141 4 4
39 82 141 8 4
36 84 141 16 4
25 83 148 4 2
25 94 149 4 2
27 91 145 4 4
25 85 146 4 4
25 93 149 4 4
26 88 154 4 2
26 88 154 8 2
34 72 155 4 2
34 73 155 8 2
36 78 157 4 2
35 73 153 4 4
26 89 155 4 4
26 89 155 8 4
34 73 155 8 4
22 96 161 4 2
31 83 161 4 2
23 93 161 4 4
38 81 166 4 2
37 81 166 8 2
28 88 168 8 2
28 89 169 4 2
33 75 169 4 2
38 81 166 4 4
37 81 166 8 4
27 88 168 8 4
27 90 169 4 4
36 75 169 8 4
24 96 174 4 2
33 83 174 4 2
33 84 174 8 2
35 73 175 4 2
25 94 174 4 4
34 83 174 4 4
36 73 174 4 4
34 83 174 8 4
27 89 179 4 2
34 73 179 4 2
37 81 181 4 2
36 80 181 8 2
35 74 179 8 4
26 90 180 4 4
23 97 186 4 2
36 82 182 4 4
36 82 182 8 4
34 84 184 16 4
38 82 189 4 2
38 82 189 8 2
24 95 186 4 4
29 89 192 4 2
36 74 192 4 2
38 82 189 4 4
37 82 189 8 4
28 90 193 4 4
25 84 198 4 2
24 96 199 4 2
33 83 199 4 2
36 73 199 4 2
34 84 199 8 2
36 73 198 4 4
25 95 199 4 4
35 83 199 4 4
35 84 199 8 4
34 75 204 4 2
27 91 205 4 2
27 91 205 8 2
37 82 207 4 2
37 82 207 8 2
36 75 204 8 4
26 93 205 4 4
26 92 205 8 4
25 99 211 4 2
37 82 207 4 4
37 82 207 8 4
40 65 212 4 2
39 82 215 4 2
25 98 211 4 4
39 65 211 4 4
39 83 215 8 2
39 82 215 4 4
39 83 215 8 4
36 86 215 16 4
29 88 220 4 2
25 83 224 4 2
23 96 225 4 2
33 83 225 4 2
37 73 225 4 2
25 84 223 4 4
34 84 224 8 4
24 95 225 4 4
34 83 225 4 4
37 73 225 4 4
26 92 230 4 2
27 91 230 8 2
38 81 232 4 2
38 82 232 8 2
36 84 232 16 2
25 94 230 4 4
36 86 235 16 2
25 98 236 4 2
38 82 233 4 4
37 82 233 8 4
37 83 235 8 4
39 82 240 4 2
26 96 236 4 4
38 82 240 8 2
26 96 236 8 4
36 86 240 16 2
36 84 236 16 4
39 82 239 4 4
28 87 245 4 2
23 95 249 4 2
24 85 246 4 4
32 82 251 4 2
32 84 248 8 4
36 73 254 4 2
23 93 250 4 4
33 83 250 4 4
37 73 251 4 4
25 90 256 4 2
26 89 256 8 2
38 81 257 4 2
37 81 257 8 2
25 91 255 4 4
25 90 255 8 4
23 97 261 4 2
36 83 261 8 2
34 84 261 16 2
39 82 265 4 2
24 95 261 4 4
38 82 265 8 2
37 83 261 8 4
36 84 261 16 4
38 82 264 8 4
30 89 269 4 2
39 82 265 4 4
35 83 273 4 2
29 90 269 4 4
35 83 273 8 2
27 95 274 4 2
37 73 274 4 2
36 83 273 4 4
36 83 273 8 4
37 73 274 4 4
27 91 279 4 2
38 82 280 4 2
37 82 280 8 2
36 76 276 8 4
27 91 279 4 4
36 83 284 4 2
36 84 284 8 2
24 98 285 4 2
39 82 288 4 2
39 83 288 8 2
36 86 288 16 2
36 86 285 16 4
38 83 287 8 4
39 82 288 4 4
25 95 298 4 2
33 84 298 4 2
34 66 297 4 4
34 84 297 4 4
38 75 297 4 4
34 84 297 8 4
34 77 302 4 2
25 94 298 4 4
27 90 303 4 2
28 89 303 8 2
38 82 305 4 2
37 82 305 8 2
27 91 303 4 4
35 84 308 4 2
36 84 308 8 2
27 90 304 8 4
38 82 305 4 4
24 97 310 4 2
37 84 308 8 4
40 82 313 4 2
40 83 313 8 2
39 74 316 4 2
40 82 313 4 4
39 83 313 8 4
24 95 322 4 2
25 84 322 4 2
33 84 322 8 2
33 83 323 4 2
39 74 323 4 2
25 85 321 4 4
25 86 321 8 4
24 94 322 4 4
34 83 322 4 4
34 84 322 8 4
39 74 323 4 4
28 89 328 4 2
40 81 330 4 2
39 82 331 8 2
27 91 328 4 4
24 98 335 4 2
41 66 335 4 2
40 80 331 4 4
39 81 331 8 4
41 82 339 4 2
24 97 335 4 4
41 66 335 4 4
40 82 339 8 2
36 86 339 16 2
38 75 342 4 2
40 81 339 4 4
40 82 339 8 4
36 86 339 16 4
28 86 345 4 2
30 86 345 8 2
24 94 348 4 2
39 74 344 4 4
32 85 345 8 4
32 83 350 4 2
26 85 346 4 4
25 93 348 4 4
36 73 353 4 2
36 74 353 8 2
26 91 354 4 2
34 83 350 4 4
27 90 354 8 2
37 73 351 4 4
36 74 353 8 4
26 92 354 4 4
26 91 354 8 4
37 82 359 4 2
37 83 359 8 2
25 97 360 4 2
40 81 363 4 2
39 82 363 8 2
25 96 360 4 4
39 82 360 4 4
38 83 360 8 4
36 84 360 16 4
31 87 366 4 2
38 72 366 4 2
27 84 364 4 4
32 82 370 8 2
30 88 367 4 4
26 94 372 4 2
27 82 372 4 2
35 81 372 4 2
39 72 373 4 2
27 82 372 4 4
36 82 372 4 4
39 72 372 4 4
35 82 372 8 4
38 72 377 4 2
26 93 373 4 4
28 90 378 4 2
28 89 378 8 2
39 80 380 4 2
38 81 380 8 2
27 91 378 4 4
27 90 378 8 4
37 83 383 8 2
36 84 383 16 2
25 97 384 4 2
39 81 381 4 4
40 81 388 4 2
25 95 384 4 4
39 82 388 8 2
26 94 384 8 4
38 82 384 8 4
36 84 384 16 4
38 73 391 4 2
39 82 387 8 4
40 81 388 4 4
31 87 393 4 2
33 83 396 8 2
27 94 397 4 2
34 83 397 4 2
37 72 401 4 2
27 93 397 4 4
35 82 397 4 4
28 90 402 4 2
38 73 398 4 4
28 90 402 8 2
