26 84 13 16 2
26 83 14 8 2
26 99 16 4 2
27 98 16 8 2
24 83 17 4 2
25 82 18 8 2
27 82 16 4 4
27 82 16 8 4
26 82 20 16 2
28 84 16 16 4
30 96 16 16 4
28 100 17 4 4
28 100 17 8 4
32 107 26 8 2
32 106 25 16 4
46 102 35 4 2
47 78 35 4 2
48 77 35 8 2
46 74 35 16 2
49 109 36 4 2
47 104 36 8 2
47 78 35 4 4
47 77 35 8 4
44 76 35 16 4
46 102 36 4 4
46 104 36 8 4
44 106 36 16 4
24 84 52 16 2
23 83 53 8 2
25 99 54 4 2
25 98 54 8 2
22 82 56 4 2
23 82 58 8 2
26 86 54 16 4
24 82 55 4 4
24 82 55 8 4
26 99 55 8 4
28 96 55 16 4
27 100 56 4 4
24 82 60 16 2
24 82 58 16 4
30 106 63 16 4
37 77 69 8 2
46 102 74 4 2
47 79 74 4 2
46 77 74 8 2
46 104 74 8 2
44 108 74 16 2
46 74 74 16 2
45 102 74 4 4
47 79 74 4 4
44 78 74 8 4
46 103 74 8 4
42 76 74 16 4
42 106 74 16 4
36 78 80 4 2
36 77 80 8 2
22 84 89 16 2
21 83 90 8 2
23 99 90 8 2
22 100 91 4 2
20 83 93 4 2
21 83 95 8 2
22 99 95 8 2
24 84 91 16 4
22 82 92 4 4
23 82 92 8 4
24 100 92 8 4
22 82 96 16 2
26 96 92 16 4
25 100 93 4 4
30 107 102 4 2
30 109 102 8 2
34 78 105 8 2
30 108 102 16 4
45 81 111 4 2
45 104 111 4 2
45 79 111 8 2
45 105 111 8 2
44 108 111 16 2
44 81 111 4 4
44 104 111 4 4
42 79 111 8 4
44 105 111 8 4
40 78 111 16 4
40 106 111 16 4
33 80 118 4 2
36 106 118 4 2
33 79 118 8 2
34 107 119 8 2
33 80 118 8 4
32 78 118 16 4
34 106 119 8 4
32 108 120 16 4
23 101 126 4 2
20 86 126 8 2
22 100 126 8 2
22 88 126 16 2
18 86 130 4 2
20 86 130 8 2
22 88 130 16 2
22 101 131 4 2
22 100 131 8 2
24 85 128 4 4
25 102 128 4 4
23 85 128 8 4
24 101 128 8 4
22 88 128 16 4
24 96 128 16 4
33 80 140 4 2
34 79 140 8 2
34 78 141 16 4
45 81 146 4 2
52 80 146 4 2
46 80 146 8 2
45 104 147 4 2
35 80 143 4 4
45 105 147 8 2
43 81 146 4 4
39 80 150 8 2
42 80 146 8 4
40 78 146 16 4
44 104 147 4 4
42 105 147 8 4
40 108 147 16 4
33 80 153 4 2
36 80 149 4 4
33 79 153 8 2
36 78 150 16 4
31 108 156 8 2
32 80 154 8 4
32 78 154 16 4
32 108 156 16 4
22 85 163 4 2
23 103 163 4 2
23 102 163 8 2
24 90 164 16 2
22 86 165 8 2
22 86 166 16 2
25 85 164 4 4
25 103 164 4 4
24 85 164 8 4
25 103 164 8 4
24 88 164 16 4
26 100 164 16 4
29 110 172 8 2
32 80 174 8 2
30 110 172 16 4
38 81 177 8 2
47 82 181 4 2
47 80 181 8 2
47 105 182 4 2
47 106 182 8 2
46 82 181 4 4
43 81 181 8 4
42 80 181 16 4
46 104 182 4 4
45 106 182 8 4
42 108 182 16 4
35 108 191 4 2
32 79 190 8 4
30 78 191 16 4
22 84 196 16 2
23 85 198 8 2
22 85 200 4 2
25 102 200 4 2
23 85 201 8 2
25 102 201 8 2
25 84 199 4 4
24 86 203 16 2
27 102 200 4 4
25 85 200 8 4
27 103 200 8 4
26 88 201 16 4
28 100 201 16 4
35 79 210 8 2
49 82 217 4 2
50 105 217 4 2
49 81 217 8 2
50 106 217 8 2
48 78 217 16 2
48 110 217 16 2
49 82 217 4 4
49 104 217 4 4
46 81 217 8 4
48 106 217 8 4
46 80 217 16 4
46 108 217 16 4
39 80 223 8 2
26 86 230 16 2
28 103 232 4 2
26 86 232 8 2
28 103 232 8 2
34 110 228 16 4
26 85 233 4 2
26 85 235 8 2
27 103 237 8 2
28 85 233 8 4
28 86 233 16 4
27 85 234 4 4
29 104 234 4 4
26 82 238 16 2
30 98 234 16 4
29 104 235 8 4
46 82 251 4 2
47 81 251 8 2
46 76 251 16 2
46 105 252 4 2
47 107 252 8 2
46 110 252 16 2
46 82 251 4 4
46 81 251 8 4
42 80 251 16 4
46 105 252 4 4
46 106 252 8 4
42 108 252 16 4
37 81 258 4 2
37 107 259 4 2
35 79 259 8 2
33 109 261 8 2
32 108 262 16 4
23 86 267 8 2
24 101 269 4 2
22 86 270 4 2
23 86 270 8 2
24 100 270 8 2
26 92 270 16 2
26 85 268 4 4
26 102 269 4 4
25 85 269 8 4
26 88 269 16 4
26 98 269 16 4
26 102 270 8 4
33 108 278 8 2
34 78 279 16 4
34 108 279 16 4
46 81 286 4 2
46 104 286 4 2
47 79 286 8 2
47 105 286 8 2
44 108 286 16 2
46 76 286 16 2
46 81 286 4 4
46 104 286 4 4
46 80 286 8 4
46 105 286 8 4
42 78 286 16 4
42 106 286 16 4
36 79 292 4 2
35 77 293 8 2
37 106 294 4 2
35 107 295 8 2
35 105 294 8 4
34 108 295 16 4
23 84 301 8 2
24 86 301 16 2
23 83 302 4 2
23 100 302 4 2
23 100 302 8 2
24 96 302 16 2
22 84 305 8 2
22 84 306 16 2
24 83 303 4 4
24 83 303 8 4
24 86 303 16 4
26 98 303 16 4
25 101 304 4 4
25 101 304 8 4
30 108 311 16 4
43 80 320 4 2
43 79 320 8 2
42 76 320 16 2
42 105 321 4 2
42 106 321 8 2
40 110 321 16 2
42 80 320 4 4
42 79 320 8 4
38 78 320 16 4
41 105 321 4 4
41 106 321 8 4
38 108 321 16 4
30 76 328 16 4
20 86 335 16 2
21 86 336 8 2
20 85 338 4 2
22 103 338 4 2
23 102 338 8 2
21 85 340 8 2
22 86 337 16 4
23 85 338 4 4
24 104 338 4 4
23 85 338 8 4
24 104 338 8 4
22 84 342 16 2
24 102 338 16 4
30 112 347 8 2
30 112 347 16 4
44 84 355 4 2
45 82 355 8 2
44 78 355 16 2
43 108 356 4 2
46 116 356 4 2
44 109 356 8 2
44 114 356 16 2
43 108 356 4 4
44 84 356 4 4
43 109 356 8 4
44 82 356 8 4
40 80 356 16 4
42 110 356 16 4
34 80 363 8 2
32 80 364 16 4
22 86 371 16 2
23 104 373 4 2
22 86 373 8 2
23 103 373 8 2
22 86 374 4 2
22 86 375 8 2
22 86 377 16 2
24 86 374 4 4
25 104 374 4 4
24 85 374 8 4
25 104 374 8 4
24 88 374 16 4
26 102 374 16 4
32 112 383 16 4
44 82 392 4 2
44 107 392 4 2
46 115 392 4 2
48 73 392 4 2
45 80 392 8 2
45 109 392 8 2
44 78 392 16 2
43 107 391 4 4
43 82 392 4 4
44 81 392 8 4
44 108 392 8 4
42 78 392 16 4
42 112 392 16 4
34 112 403 16 4
24 85 409 8 2
23 86 410 4 2
25 105 412 4 2
23 85 413 8 2
25 105 413 8 2
24 85 411 4 4
25 84 411 8 4
24 86 411 16 4
26 105 412 4 4
26 106 412 8 4
26 106 413 16 4
44 82 430 4 2
44 106 430 4 2
48 73 430 4 2
45 80 430 8 2
45 108 430 8 2
44 76 430 16 2
47 115 431 4 2
43 82 430 4 4
43 106 430 4 4
47 74 430 4 4
44 81 430 8 4
44 108 430 8 4
42 78 430 16 4
42 110 431 16 4
35 81 437 4 2
22 86 448 8 2
22 86 449 4 2
23 105 449 8 2
22 105 450 4 2
24 85 449 4 4
24 85 449 8 4
24 86 449 16 4
24 104 449 16 4
23 105 450 4 4
24 105 450 8 4
