41 93 9 4 2
41 92 9 4 4
58 103 19 4 2
57 80 20 4 2
55 105 21 8 2
56 80 20 4 4
57 103 20 4 4
47 80 25 4 2
48 78 25 8 2
49 105 25 8 2
48 104 26 4 2
46 70 28 4 2
47 115 28 4 2
47 78 25 8 4
47 80 26 4 4
47 103 26 4 4
48 105 26 8 4
46 78 31 8 2
46 108 31 16 2
46 79 32 4 2
47 104 32 4 2
47 105 32 8 2
44 74 29 16 4
45 78 30 8 4
46 108 30 16 4
45 79 31 4 4
46 104 31 4 4
46 105 31 8 4
45 92 37 4 2
58 93 42 8 2
59 97 43 4 2
58 92 42 8 4
58 80 47 4 2
59 103 47 4 2
58 86 43 4 4
59 96 43 4 4
57 105 48 8 2
58 103 47 4 4
56 80 48 4 4
50 78 52 8 2
50 106 52 8 2
48 81 53 4 2
48 104 53 4 2
55 105 49 8 4
47 70 56 4 2
49 116 56 4 2
48 114 57 8 2
48 79 53 8 4
49 106 53 8 4
47 81 54 4 4
48 104 54 4 4
46 78 59 8 2
48 110 59 16 2
46 80 60 4 2
47 105 60 4 2
47 106 60 8 2
46 74 57 16 4
46 110 58 16 4
45 78 59 8 4
47 106 59 8 4
45 80 60 4 4
46 105 60 4 4
58 93 71 8 2
61 87 72 4 2
58 103 76 4 2
56 79 77 4 2
56 105 77 8 2
57 103 76 4 4
48 103 81 4 2
48 78 81 8 2
49 105 81 8 2
47 80 82 4 2
45 72 84 4 2
46 113 85 4 2
48 105 81 8 4
45 110 86 4 2
46 80 82 4 4
47 103 82 4 4
45 79 87 4 2
45 78 87 8 2
46 110 87 16 2
46 104 88 4 2
46 105 88 8 2
44 74 84 16 4
44 77 85 8 4
44 108 86 16 4
45 79 87 4 4
45 106 87 8 4
46 104 88 4 4
57 93 99 8 2
59 85 100 4 2
57 102 102 4 2
58 87 99 4 4
55 94 99 8 4
55 79 104 4 2
53 105 105 8 2
57 102 102 4 4
46 80 108 4 2
47 77 108 8 2
45 103 109 4 2
52 79 105 4 4
47 105 109 8 2
43 72 112 4 2
44 114 113 4 2
46 105 109 8 4
43 111 114 4 2
45 80 110 4 4
45 103 110 4 4
43 78 115 8 2
44 79 116 4 2
44 105 116 8 2
42 108 116 16 2
42 74 112 16 4
44 104 117 4 2
42 77 114 8 4
42 108 115 16 4
43 79 116 4 4
43 105 116 8 4
43 104 117 4 4
58 86 128 4 2
56 102 131 4 2
54 79 133 4 2
55 103 132 4 4
48 78 136 8 2
46 81 137 4 2
47 104 137 4 2
48 106 137 8 2
43 73 141 4 2
45 111 141 4 2
47 79 137 8 4
48 106 137 8 4
46 81 138 4 4
47 104 138 4 4
44 78 143 8 2
46 110 143 16 2
46 106 144 8 2
44 74 140 16 4
45 80 145 4 2
46 104 145 4 2
43 76 141 4 4
45 109 141 4 4
44 110 141 16 4
44 78 143 8 4
44 80 144 4 4
45 106 144 8 4
45 105 145 4 4
58 86 156 4 2
57 103 158 4 2
55 105 159 8 2
54 79 160 4 2
55 103 159 4 4
47 78 163 8 2
47 106 163 8 2
45 81 164 4 2
46 104 164 4 2
42 73 167 4 2
43 111 168 4 2
45 79 164 8 4
46 106 164 8 4
46 104 165 4 4
42 110 169 16 2
45 81 166 4 4
43 79 170 8 2
44 106 170 8 2
44 80 171 4 2
44 105 171 4 2
42 76 167 4 4
43 109 167 4 4
42 74 167 16 4
42 110 168 16 4
43 79 170 8 4
44 106 170 8 4
43 80 171 4 4
44 105 171 4 4
58 87 182 4 2
57 103 184 4 2
54 80 186 4 2
55 106 186 8 2
52 79 187 8 2
48 81 189 4 2
55 104 185 4 4
49 107 189 8 2
48 105 190 4 2
44 75 193 4 2
45 111 194 4 2
48 79 190 8 4
47 82 191 4 4
47 104 191 4 4
44 110 195 16 2
45 79 196 8 2
46 107 196 8 2
46 81 197 4 2
46 105 197 4 2
44 110 194 16 4
44 79 196 8 4
45 107 196 8 4
45 81 197 4 4
45 106 197 4 4
57 104 210 4 2
56 81 211 4 2
56 106 211 8 2
53 79 212 8 2
56 104 210 4 4
48 80 215 8 2
48 107 215 8 2
55 106 211 8 4
47 105 216 4 2
46 82 217 4 2
43 76 219 4 2
44 111 219 4 2
44 110 220 16 2
47 105 217 4 4
44 80 221 8 2
45 107 221 8 2
45 81 222 4 2
46 105 222 4 2
44 109 219 4 4
42 76 219 16 4
44 110 219 16 4
43 79 220 8 4
44 107 221 8 4
44 80 222 4 4
45 106 222 4 4
58 87 232 4 2
57 104 234 4 2
56 80 235 4 2
57 106 235 8 2
53 79 236 8 2
56 104 235 4 4
48 79 239 8 2
48 81 240 4 2
49 106 240 8 2
55 106 236 8 4
49 105 241 4 2
44 75 243 4 2
46 110 243 4 2
46 112 244 16 2
45 79 245 8 2
47 107 245 8 2
46 81 246 4 2
47 105 246 4 2
44 74 242 16 4
44 77 243 4 4
46 110 243 16 4
46 107 244 8 4
45 79 245 8 4
45 80 246 4 4
47 105 246 4 4
58 96 256 4 2
61 88 256 4 2
58 93 256 8 2
58 104 260 4 2
57 105 260 8 2
54 80 261 4 2
48 81 264 4 2
57 104 260 4 4
49 79 264 8 2
50 106 264 8 2
49 104 265 4 2
44 75 267 4 2
45 109 268 4 2
46 112 268 16 2
47 105 270 4 2
47 82 266 4 4
49 104 266 4 4
45 80 270 8 2
46 106 270 8 2
46 81 271 4 2
44 74 267 16 4
46 110 268 16 4
44 79 269 8 4
46 107 269 8 4
45 80 271 4 4
46 106 271 4 4
59 87 281 4 2
58 104 284 4 2
53 80 285 4 2
56 106 285 8 2
49 79 287 8 2
47 81 288 4 2
49 105 288 4 2
57 104 284 4 4
49 107 288 8 2
47 80 288 8 4
44 110 293 4 2
46 82 290 4 4
48 104 290 4 4
44 110 294 16 2
43 80 295 8 2
45 106 295 8 2
44 81 296 4 2
46 105 296 4 2
42 74 292 16 4
44 110 293 16 4
43 79 295 8 4
45 107 295 8 4
43 80 296 4 4
45 106 296 4 4
57 104 307 4 2
56 105 308 8 2
52 80 310 4 2
56 104 308 4 4
47 79 312 8 2
46 81 313 4 2
48 104 313 4 2
49 106 313 8 2
43 75 316 4 2
45 111 316 4 2
46 79 313 8 4
46 81 314 4 4
48 104 314 4 4
44 110 318 16 2
46 105 319 4 2
44 79 319 8 2
46 106 319 8 2
45 81 320 4 2
43 77 316 4 4
45 109 316 4 4
42 76 316 16 4
44 110 317 16 4
44 79 318 8 4
45 107 318 8 4
46 105 319 4 4
45 80 320 4 4
57 104 331 4 2
55 81 332 4 2
56 106 332 8 2
47 81 336 4 2
55 104 332 4 4
47 79 336 8 2
47 105 337 4 2
48 107 337 8 2
41 74 340 4 2
44 112 340 4 2
45 79 337 8 4
42 74 341 16 2
46 81 338 4 4
47 105 338 4 4
44 110 342 16 2
44 80 343 4 2
45 105 343 4 2
43 79 343 8 2
45 106 343 8 2
41 76 340 4 4
44 109 340 4 4
42 76 340 16 4
44 110 340 16 4
42 79 342 8 4
44 107 343 8 4
43 80 344 4 4
45 106 344 4 4
57 104 354 4 2
56 106 355 8 2
54 81 356 4 2
56 104 355 4 4
48 80 359 8 2
47 82 360 4 2
48 105 360 4 2
49 107 360 8 2
54 106 356 8 4
43 76 363 4 2
45 113 363 4 2
47 80 359 8 4
47 82 360 4 4
47 105 361 4 4
44 110 365 16 2
