18 75 8 4 2
33 91 10 4 4
19 74 15 4 2
18 75 11 4 4
19 76 16 8 2
35 91 18 4 2
20 78 14 16 4
26 90 19 16 2
25 90 20 8 2
26 91 22 4 2
34 91 18 4 4
24 86 18 32 4
26 90 20 16 4
26 90 21 8 4
26 91 23 4 4
23 91 29 8 2
22 88 30 16 2
24 90 28 16 4
16 95 34 4 2
16 72 34 16 2
22 90 30 16 4
16 73 35 8 2
16 72 36 4 2
29 90 36 4 2
20 82 32 32 4
16 95 35 4 4
16 74 36 16 4
16 72 37 4 4
29 90 37 4 4
16 73 37 8 4
17 72 43 4 2
17 73 44 8 2
24 88 48 16 2
24 89 49 8 2
25 90 50 4 2
22 84 48 32 4
24 88 49 16 4
25 89 50 8 4
25 89 56 4 2
25 89 57 8 2
36 91 58 4 2
26 89 54 4 4
24 88 58 16 2
26 89 55 8 4
20 76 61 8 2
24 88 57 16 4
22 84 57 32 4
20 74 62 4 2
34 91 59 4 4
19 93 62 4 4
20 76 69 4 2
20 75 65 4 4
35 91 65 4 4
20 76 69 8 2
20 76 66 8 4
20 76 70 16 2
36 91 72 4 2
26 89 73 8 2
26 88 73 16 2
26 90 75 4 2
35 91 71 4 4
24 84 72 32 4
26 88 73 16 4
26 89 75 8 4
26 90 77 4 4
22 88 82 16 2
20 81 84 4 2
18 74 87 4 2
31 90 87 4 2
17 74 87 8 2
18 76 87 16 4
17 95 88 4 4
17 75 88 8 4
30 91 89 4 4
17 73 90 4 4
18 73 95 4 2
18 74 96 8 2
18 73 93 4 4
18 75 95 8 4
24 88 100 16 2
18 76 96 16 4
24 89 101 8 2
24 89 102 4 2
22 82 100 32 4
24 88 101 16 4
24 90 109 4 2
24 90 109 8 2
24 88 110 16 2
35 92 111 4 2
25 89 108 4 4
25 89 108 8 4
20 79 113 8 2
20 76 114 4 2
24 88 110 16 4
22 84 110 32 4
35 91 112 4 4
53 91 115 4 4
21 78 115 8 4
21 76 122 4 2
21 76 118 4 4
21 77 123 8 2
22 79 124 8 2
35 93 125 4 2
21 77 121 8 4
26 90 126 16 2
25 90 127 8 2
25 91 128 4 2
35 93 125 4 4
26 90 127 16 4
24 86 127 32 4
25 90 128 4 4
26 90 128 8 4
24 90 135 4 2
24 90 135 8 2
19 97 136 4 2
24 88 136 16 2
24 90 134 16 4
19 97 135 4 4
22 84 136 32 4
19 73 141 4 2
19 73 141 8 2
30 91 142 4 2
17 97 142 4 4
20 74 142 16 4
19 74 143 8 4
19 72 148 4 2
19 73 144 4 4
30 91 144 4 4
19 73 149 8 2
20 76 149 16 4
24 90 154 16 2
22 86 155 32 4
24 90 160 4 2
25 90 160 8 2
24 88 156 16 4
24 88 162 16 2
25 90 159 4 4
25 90 159 8 4
22 86 160 32 4
24 88 161 16 4
20 77 166 8 2
21 76 167 4 2
54 90 167 4 4
21 78 167 8 4
21 76 174 4 2
21 76 171 4 4
21 77 175 8 2
36 93 177 4 2
21 77 173 8 4
26 90 178 16 2
26 90 179 8 2
36 92 177 4 4
26 91 183 4 2
27 91 183 8 2
26 90 179 16 4
24 86 179 32 4
24 90 186 16 2
26 91 183 4 4
26 91 183 8 4
22 86 186 32 4
18 74 191 16 2
18 74 192 4 2
18 75 192 8 2
18 97 192 4 4
18 76 192 16 4
18 75 193 8 4
18 74 194 4 4
30 92 195 4 4
18 74 200 4 2
18 74 201 8 2
18 75 199 8 4
18 76 201 16 4
24 90 206 16 2
25 91 208 8 2
25 91 209 4 2
26 90 208 16 4
22 86 208 32 4
26 90 209 4 4
26 90 210 8 4
24 90 214 16 2
34 92 215 4 2
21 78 217 8 2
26 90 213 16 4
24 86 213 32 4
21 77 218 4 2
21 78 219 8 4
21 76 221 4 4
22 77 226 4 2
22 79 227 8 2
36 93 229 4 2
26 90 230 16 2
35 93 228 4 4
26 91 233 4 2
26 91 233 8 2
26 90 231 16 4
26 90 232 8 4
25 90 233 4 4
22 86 235 32 4
20 97 236 4 4
17 97 241 4 2
18 77 241 8 2
18 76 241 16 2
18 76 242 4 2
30 93 242 4 2
18 97 242 4 4
18 80 242 16 4
18 76 243 4 4
30 94 243 4 4
18 77 243 8 4
19 76 249 4 2
19 75 250 8 2
24 92 255 16 2
26 92 259 4 2
26 92 259 8 2
22 86 256 32 4
26 90 257 16 4
24 90 262 16 2
26 91 259 4 4
26 91 259 8 4
26 90 260 16 4
24 86 260 32 4
21 78 267 8 2
22 77 269 4 2
22 78 272 4 2
22 79 273 8 2
22 79 270 4 4
36 95 270 4 4
22 80 270 8 4
22 82 271 16 4
37 94 276 4 2
26 92 276 16 2
26 92 278 8 2
26 92 279 4 2
36 94 275 4 4
26 92 277 16 4
24 86 277 32 4
26 92 279 8 4
26 92 280 4 4
24 92 286 16 2
22 86 286 32 4
30 95 293 4 2
19 75 293 8 2
19 75 294 4 2
19 75 296 8 2
18 98 294 4 4
19 76 294 4 4
30 95 294 4 4
31 94 294 8 4
19 78 295 8 4
20 80 295 16 4
26 92 304 16 2
26 92 306 4 2
27 93 306 8 2
26 92 305 16 4
24 88 305 32 4
26 92 306 4 4
26 92 306 8 4
20 78 314 16 2
20 97 315 4 2
20 78 315 8 2
