31 72 12 4 2
31 72 12 8 2
26 78 12 16 2
30 70 12 16 2
35 75 16 4 2
29 73 13 4 4
23 72 17 8 2
24 72 17 16 2
22 71 18 4 2
19 60 19 4 2
10 82 17 4 4
23 72 18 4 4
24 72 18 8 4
24 72 18 16 4
22 70 18 32 4
29 72 23 4 2
19 60 19 4 4
28 72 24 8 2
28 70 25 16 2
27 75 26 4 2
30 73 23 4 4
26 72 25 16 4
26 74 31 4 2
26 73 31 8 2
26 72 31 16 2
24 66 31 32 2
26 74 31 4 4
26 73 31 8 4
26 72 31 16 4
24 70 31 32 4
31 73 36 4 2
42 75 36 4 2
38 73 37 8 2
36 70 37 16 2
32 72 38 4 2
42 75 36 4 4
18 75 41 4 2
19 74 41 8 2
30 73 42 4 2
27 72 42 8 2
33 77 44 4 2
18 78 40 4 4
19 75 41 8 4
24 70 45 16 2
35 76 48 4 2
54 92 44 4 4
17 80 45 4 4
35 77 45 4 4
30 77 50 4 2
17 80 46 8 4
19 62 58 4 2
25 76 58 4 2
20 65 58 8 2
24 75 58 8 2
24 74 58 16 2
22 70 58 32 2
20 63 58 4 4
25 76 58 4 4
25 76 58 8 4
24 74 58 16 4
22 72 58 32 4
28 74 65 4 2
28 75 65 8 2
27 75 64 4 4
17 80 70 4 2
26 75 66 8 4
19 62 71 4 2
23 76 71 8 2
24 76 71 16 2
22 72 71 32 2
10 85 71 4 4
20 64 71 4 4
23 76 71 8 4
24 76 71 16 4
22 74 71 32 4
35 76 76 4 2
23 77 72 4 4
23 78 77 4 2
22 82 78 16 2
20 76 78 32 2
25 77 79 8 2
35 76 76 4 4
19 79 82 4 2
22 78 82 4 2
19 80 78 4 4
21 79 78 4 4
22 77 82 8 2
22 76 82 16 2
20 82 78 16 4
20 78 78 32 4
20 74 83 32 2
17 63 84 4 2
20 79 82 4 4
22 78 82 8 4
22 78 83 16 4
20 78 83 32 4
17 64 84 4 4
33 78 89 4 2
36 76 90 8 2
32 78 89 4 4
31 77 89 8 4
37 77 90 4 4
18 79 95 4 2
20 78 95 8 2
20 78 95 16 2
22 72 97 32 2
21 64 98 4 2
22 65 98 8 2
20 78 94 8 4
20 78 94 16 4
18 79 95 4 4
22 74 97 32 4
21 65 98 4 4
22 66 98 8 4
26 72 102 32 2
28 76 103 16 2
30 79 104 4 2
30 78 104 8 2
15 86 102 4 4
24 74 103 32 4
29 79 105 4 4
23 64 112 4 2
24 66 112 8 2
28 76 112 16 2
26 70 112 32 2
28 78 113 4 2
28 77 113 8 2
24 66 112 4 4
28 76 112 16 4
26 72 112 32 4
28 78 113 4 4
28 77 113 8 4
38 77 119 4 2
36 76 119 8 2
23 77 127 8 2
24 76 127 16 2
18 64 128 4 2
23 77 128 4 2
22 70 128 32 2
24 78 127 16 4
19 65 128 4 4
23 78 128 4 4
24 78 128 8 4
22 74 128 32 4
24 78 135 4 2
38 76 135 8 2
40 78 136 4 2
25 78 136 8 2
24 76 137 16 2
24 78 135 4 4
22 72 139 32 2
40 78 136 4 4
18 64 141 4 2
18 66 141 8 2
24 78 137 8 4
24 78 139 16 4
18 65 141 4 4
22 76 141 32 4
32 78 149 8 2
28 81 150 4 2
29 80 148 4 4
30 79 148 8 4
23 79 156 4 2
23 80 156 8 2
24 78 156 16 2
22 76 156 32 2
18 68 157 4 2
19 69 157 8 2
24 80 156 8 4
24 78 156 16 4
22 76 156 32 4
19 70 157 4 4
31 81 165 4 2
31 81 165 8 2
15 89 164 4 4
14 88 164 8 4
30 82 165 4 4
33 100 171 4 2
57 95 168 4 4
20 61 174 4 2
21 64 174 8 2
26 76 174 16 2
24 72 174 32 2
26 78 175 4 2
34 100 171 4 4
26 78 175 8 2
20 62 174 4 4
41 100 179 4 2
33 100 175 4 4
26 78 175 8 4
26 76 175 16 4
24 76 175 32 4
26 78 176 4 4
32 76 181 8 2
35 98 177 8 4
37 99 178 8 4
32 76 183 4 2
41 100 179 4 4
14 88 189 4 2
14 86 189 8 2
23 76 190 4 2
23 75 190 8 2
24 74 190 16 2
20 63 191 4 2
20 64 191 8 2
14 88 189 4 4
15 86 189 8 4
24 74 190 16 4
27 77 195 4 2
20 64 191 4 4
23 77 191 4 4
23 76 191 8 4
22 70 191 32 4
29 76 196 8 2
28 74 197 16 2
26 78 196 4 4
28 74 201 16 2
32 79 203 4 2
26 70 203 32 2
29 80 204 4 2
28 79 203 4 4
28 78 203 8 4
28 76 203 16 4
26 74 204 32 4
34 76 210 16 2
38 79 211 4 2
37 79 211 8 2
38 80 211 4 4
36 79 211 8 4
29 82 216 4 2
29 81 216 8 2
28 80 216 16 2
26 78 214 32 4
24 67 220 4 2
29 82 216 4 4
24 68 220 8 2
29 81 216 8 4
30 80 216 16 4
24 68 219 4 4
31 82 224 4 2
30 82 224 8 2
30 80 224 16 2
26 78 224 32 2
24 92 223 4 4
30 82 223 4 4
29 82 223 8 4
28 82 224 16 4
20 89 229 4 2
24 82 225 32 4
18 87 230 8 2
30 79 233 4 2
20 89 229 4 4
28 79 234 4 2
15 87 230 4 4
27 78 234 8 2
26 76 234 16 2
26 70 234 32 2
25 65 235 4 2
25 67 235 8 2
25 67 235 4 4
28 80 235 4 4
27 79 235 8 4
26 78 235 16 4
24 76 235 32 4
30 74 240 16 2
30 78 245 8 2
15 87 246 4 2
28 76 246 16 2
29 81 248 4 2
30 78 244 8 4
29 80 249 8 2
14 87 246 4 4
24 66 251 4 2
23 67 251 8 2
30 81 250 4 4
24 67 251 4 4
28 78 255 8 2
24 68 251 8 4
29 80 251 8 4
28 76 255 16 2
28 79 256 4 2
28 76 256 16 4
26 74 256 32 4
32 74 262 16 2
31 77 263 8 2
30 68 263 32 2
30 62 264 4 2
31 78 264 4 2
35 77 264 4 2
30 63 264 8 2
31 78 263 4 4
31 77 263 8 4
32 74 263 16 4
30 70 263 32 4
30 63 264 4 4
30 65 264 8 4
28 80 270 4 2
31 77 270 8 2
30 76 270 16 2
30 72 271 4 2
31 78 270 8 4
30 76 270 16 4
28 70 270 32 4
29 72 271 4 4
28 76 275 16 2
25 66 276 4 2
25 77 276 4 2
25 67 276 8 2
28 78 276 8 2
28 76 275 16 4
26 78 276 4 4
28 78 276 8 4
26 72 276 32 4
41 80 282 4 2
29 80 283 4 2
29 79 285 8 2
40 79 282 4 4
27 80 283 4 4
28 78 287 16 2
28 74 287 32 2
30 61 289 4 2
28 80 287 8 4
54 90 288 4 4
28 80 288 16 4
28 78 288 32 4
38 74 294 16 2
42 78 295 8 2
43 80 296 4 2
32 83 300 4 2
43 80 296 4 4
31 83 300 8 2
41 78 296 8 4
30 82 300 16 2
37 85 302 4 2
29 83 299 4 4
28 82 299 32 4
30 83 300 8 4
30 82 300 16 4
26 64 305 4 2
27 80 305 4 2
26 66 305 8 2
27 79 305 8 2
37 85 302 4 4
28 76 306 32 2
30 83 308 8 2
30 82 308 16 2
28 81 305 4 4
28 81 305 8 4
28 80 306 32 4
27 85 311 4 2
35 81 311 4 2
30 82 307 16 4
28 86 313 16 2
27 85 311 4 4
30 84 311 16 4
28 86 313 16 4
28 84 313 32 4
17 90 320 4 2
31 61 320 4 2
31 79 320 4 2
31 64 320 8 2
31 78 320 8 2
30 78 320 16 2
30 74 320 32 2
18 90 320 4 4
31 62 320 4 4
18 89 320 8 4
31 79 320 8 4
30 78 320 16 4
30 80 321 4 4
30 78 321 32 4
31 79 332 8 2
18 91 333 4 2
24 76 333 32 2
26 80 334 16 2
19 63 337 4 2
18 91 333 4 4
19 63 337 8 2
20 66 337 16 2
28 80 339 16 2
28 83 340 8 2
19 63 337 4 4
20 64 337 8 4
28 80 337 16 4
26 76 337 32 4
19 93 342 4 2
18 93 342 8 2
29 84 343 4 2
30 74 343 32 2
28 83 340 8 4
19 93 341 4 4
34 78 345 16 2
34 79 346 8 2
34 79 347 4 2
15 93 343 4 4
28 84 343 4 4
29 84 351 4 2
32 82 351 4 2
32 81 351 8 2
32 80 351 16 2
30 76 351 32 2
29 84 351 4 4
32 82 351 8 4
32 80 351 16 4
32 78 351 32 4
52 82 358 4 2
51 81 358 8 2
50 78 358 16 2
34 103 355 4 4
42 105 360 4 2
22 93 362 4 2
54 103 362 4 2
51 81 358 8 4
48 76 358 16 4
52 83 359 4 4
24 85 364 4 2
41 104 360 4 4
20 91 361 4 4
26 85 365 8 2
28 82 365 16 2
49 88 366 4 2
54 106 366 4 2
20 94 362 4 4
50 89 366 8 2
28 70 367 4 2
28 85 368 4 2
32 67 369 8 2
50 88 366 4 4
34 67 370 8 2
50 89 366 8 4
28 80 366 32 4
24 97 371 4 2
47 93 371 4 2
22 96 371 8 2
53 107 368 4 4
51 105 368 8 4
28 85 369 4 4
19 98 370 4 4
47 93 370 4 4
30 85 370 8 4
24 97 371 4 4
40 82 375 8 2
22 96 371 8 4
36 86 375 16 2
32 84 371 16 4
41 81 376 4 2
28 91 377 8 2
32 92 377 16 2
27 89 378 4 2
40 81 375 4 4
32 82 381 4 2
27 88 378 4 4
28 90 378 8 4
30 90 378 16 4
30 88 378 32 4
31 80 384 8 2
30 81 385 4 2
30 80 385 16 2
30 76 385 32 2
30 82 385 4 4
40 77 389 8 2
31 81 385 8 4
32 80 385 16 4
30 80 385 32 4
42 79 390 4 2
35 82 395 4 2
41 80 391 4 4
34 81 396 8 2
25 84 397 4 2
28 82 397 8 2
30 82 397 16 2
39 84 398 4 2
33 82 395 4 4
43 103 400 4 2
30 81 396 8 4
30 82 396 16 4
26 78 396 32 4
25 84 397 4 4
28 82 397 8 4
26 74 401 16 2
22 62 402 4 2
26 78 402 4 2
39 84 398 4 4
22 64 402 8 2
26 78 402 8 2
49 89 402 8 2
43 103 400 4 4
52 85 405 4 2
22 64 402 4 4
26 79 402 4 4
23 66 402 8 4
27 79 402 8 4
26 78 402 16 4
26 74 403 32 4
53 89 404 8 4
54 86 405 4 4
56 90 409 8 4
32 78 413 16 2
30 80 411 16 4
28 78 411 32 4
