79 151 16 4 2
78 152 15 4 4
100 153 20 4 2
60 127 20 8 2
61 126 21 4 2
33 130 23 4 2
75 139 19 4 4
80 130 23 8 2
78 128 24 4 2
59 126 20 4 4
76 137 20 4 4
59 127 20 8 4
36 136 21 4 4
31 123 27 4 2
34 130 23 4 4
77 127 24 4 4
78 129 24 8 4
79 117 31 8 2
77 117 32 4 2
34 123 28 4 4
33 122 28 8 4
69 99 36 4 2
75 116 32 4 4
77 117 32 8 4
102 118 37 4 2
73 111 33 4 4
69 98 36 4 4
102 118 36 4 4
69 100 36 8 4
72 90 41 4 2
72 90 41 8 2
78 92 41 16 2
21 77 45 4 2
71 91 41 4 4
73 83 45 8 2
72 91 41 8 4
78 82 45 16 2
74 92 41 16 4
73 81 47 4 2
21 79 44 4 4
22 78 45 8 4
72 83 45 8 4
68 67 50 4 2
73 82 46 4 4
76 82 46 16 4
97 83 51 4 2
68 66 50 4 4
97 84 50 4 4
73 54 54 8 2
67 68 50 8 4
96 85 50 8 4
69 51 55 4 2
72 45 58 4 2
68 50 55 4 4
69 51 55 8 4
70 43 59 4 4
98 52 64 4 2
64 13 66 4 2
66 16 67 8 2
72 18 67 16 2
67 15 68 4 2
98 52 64 4 4
66 18 67 16 4
66 14 68 4 4
66 16 68 8 4
68 5 74 4 4
94 10 80 4 2
94 11 79 4 4
35 44 199 4 2
70 41 199 4 2
71 40 199 8 2
69 39 197 4 4
70 39 198 8 4
35 44 199 4 4
35 45 199 8 4
37 63 208 4 2
71 71 210 4 2
37 64 208 4 4
70 70 209 8 4
71 71 210 4 4
80 82 216 8 2
78 83 217 4 2
77 90 218 4 2
98 107 219 4 2
79 81 216 8 4
103 80 221 4 2
76 89 218 4 4
103 80 220 4 4
76 106 225 4 2
77 106 225 8 2
47 122 227 4 2
79 113 229 4 2
76 106 225 4 4
81 113 229 8 2
76 106 225 8 4
80 104 225 16 4
52 129 231 4 2
47 123 229 4 4
78 113 229 4 4
79 113 229 8 4
45 132 235 4 2
102 114 235 4 2
102 113 234 4 4
80 142 239 4 2
46 132 235 4 4
82 141 239 8 2
45 132 235 8 4
44 132 235 16 4
77 142 238 8 4
82 140 238 16 4
77 144 239 4 4
64 148 293 4 2
64 146 294 4 2
65 148 293 4 4
72 136 298 16 2
66 132 301 4 2
67 131 301 8 2
72 136 298 16 4
68 125 305 4 2
65 132 301 4 4
70 124 305 8 2
66 132 301 8 4
69 123 306 4 2
67 125 305 4 4
68 124 305 8 4
72 122 306 16 4
89 124 311 4 2
88 125 311 8 2
89 125 310 4 4
89 126 310 8 4
64 98 314 4 4
68 83 322 4 2
67 84 322 4 4
67 65 329 4 2
69 65 329 8 2
66 65 329 4 4
67 65 329 8 4
70 56 334 8 2
68 55 335 4 2
68 57 334 4 4
69 57 334 8 4
90 59 339 4 2
90 59 338 4 4
53 23 474 4 2
50 22 474 4 4
98 22 484 4 2
74 22 480 8 4
70 30 481 4 4
98 22 483 4 4
69 47 488 4 2
71 48 489 8 2
68 47 488 4 4
69 46 488 8 4
73 55 493 4 2
74 55 493 8 2
71 54 493 4 4
71 55 494 8 4
72 56 494 16 4
67 62 495 8 4
75 80 502 4 2
77 80 502 8 2
69 82 501 4 4
73 93 508 4 2
90 115 510 4 2
90 115 510 8 2
75 90 507 8 4
97 89 512 4 2
73 93 508 4 4
78 110 514 16 2
90 115 511 4 4
98 89 511 4 4
91 115 511 8 4
69 113 516 4 2
69 113 516 8 2
68 110 515 16 4
73 120 520 4 2
68 112 516 4 4
76 121 520 8 2
68 111 516 8 4
53 137 522 4 2
98 145 524 4 2
72 121 521 4 4
74 121 521 8 4
58 147 527 4 2
93 122 527 4 2
67 130 524 4 4
68 132 525 4 4
98 145 525 4 4
80 140 529 16 2
