47 103 8 4 2
45 115 12 4 2
46 67 13 4 2
44 114 13 8 2
43 108 14 4 2
44 110 12 4 4
44 101 16 8 2
46 73 16 8 2
44 104 16 16 2
44 99 17 4 2
45 74 18 4 2
42 104 15 16 4
45 73 16 8 4
43 101 17 8 4
43 99 18 4 4
45 73 18 4 4
59 96 31 4 2
101 87 27 4 4
57 73 33 4 2
50 73 36 4 2
58 97 32 4 4
51 71 36 8 2
47 99 38 4 2
48 101 38 8 2
45 66 40 4 2
50 73 36 4 4
45 66 40 8 2
44 106 41 4 2
44 107 41 8 2
45 72 43 8 2
44 104 43 16 2
46 74 44 4 2
45 68 40 4 4
44 100 44 8 2
45 69 40 8 4
44 68 40 16 4
45 99 45 4 2
44 104 41 4 4
44 104 41 16 4
45 74 45 4 4
44 100 45 8 4
44 100 46 4 4
58 99 57 4 2
58 75 58 4 2
58 102 59 8 2
57 75 58 4 4
57 100 58 4 4
55 74 60 8 4
50 75 65 4 2
48 101 66 4 2
44 68 67 4 2
44 68 67 8 2
43 107 68 4 2
42 107 68 8 2
42 106 69 16 2
45 74 70 8 2
46 76 71 4 2
43 106 67 4 4
44 70 67 4 4
44 101 71 8 2
44 71 67 8 4
45 100 72 4 2
43 105 68 8 4
42 106 68 16 4
43 102 71 8 4
45 75 72 4 4
44 101 73 4 4
58 99 84 4 2
58 75 86 4 2
57 101 86 8 2
51 99 85 4 4
51 75 90 4 2
57 75 86 4 4
50 103 90 8 2
49 100 91 4 2
44 107 94 4 2
46 68 94 4 2
45 69 94 8 2
50 75 91 4 4
45 72 95 8 2
44 106 96 16 2
45 100 98 4 2
46 75 98 4 2
44 105 94 4 4
45 71 94 4 4
44 101 98 8 2
45 71 94 8 4
44 106 94 16 4
46 75 98 4 4
44 101 98 8 4
44 100 99 4 4
58 99 111 4 2
57 75 113 4 2
56 99 112 4 4
50 74 117 4 2
48 102 117 8 2
48 100 118 4 2
45 68 120 4 2
44 68 120 8 2
43 107 121 4 2
49 75 117 4 4
43 107 121 8 2
42 106 122 16 2
44 70 120 4 4
44 101 124 8 2
44 71 120 8 4
45 75 125 4 2
45 100 125 4 2
43 105 121 4 4
43 104 121 8 4
42 106 121 16 4
43 102 124 8 4
45 75 125 4 4
44 100 126 4 4
57 99 137 4 2
57 75 138 4 2
56 99 138 4 4
50 75 143 4 2
48 101 144 4 2
48 104 144 8 2
45 68 146 4 2
45 68 146 8 2
43 107 147 4 2
49 75 143 4 4
43 108 147 8 2
42 106 148 16 2
46 76 150 4 2
45 70 146 4 4
43 102 150 8 2
45 70 146 8 4
44 100 151 4 2
43 105 147 4 4
42 106 147 16 4
43 102 150 8 4
45 75 151 4 4
43 101 152 4 4
58 100 164 4 2
56 75 166 4 2
51 75 168 4 2
56 100 165 4 4
49 102 170 4 2
45 70 172 4 2
45 69 172 8 2
44 107 173 4 2
50 75 169 4 4
44 108 174 16 2
45 71 172 4 4
44 102 176 8 2
45 71 172 8 4
45 76 177 4 2
45 101 177 4 2
44 105 173 4 4
44 106 174 16 4
43 103 175 8 4
45 76 177 4 4
44 101 178 4 4
56 101 192 4 2
52 76 193 4 2
50 76 194 4 2
48 103 196 8 2
48 101 197 4 2
44 70 198 8 2
44 70 199 4 2
49 76 195 4 4
43 107 200 4 2
42 106 201 16 2
44 72 198 4 4
42 103 202 8 2
44 72 198 8 4
44 77 203 4 2
44 101 204 4 2
43 105 200 4 4
42 106 200 16 4
42 104 201 8 4
44 76 203 4 4
43 102 204 4 4
57 101 216 4 2
54 76 218 4 2
55 101 217 4 4
47 104 222 8 2
46 102 223 4 2
48 76 220 4 4
42 69 225 4 2
42 69 225 8 2
48 74 221 8 4
43 108 226 4 2
42 108 227 16 2
42 75 228 8 2
43 77 229 4 2
42 71 225 4 4
43 103 229 8 2
42 72 225 8 4
43 102 230 4 2
42 106 226 4 4
42 106 226 16 4
42 75 228 8 4
42 103 229 8 4
42 76 230 4 4
42 102 230 4 4
56 101 241 4 2
54 76 243 4 2
55 103 243 8 2
55 101 241 4 4
52 77 243 4 4
46 102 248 4 2
47 105 248 8 2
47 75 246 8 4
41 68 251 4 2
40 68 251 8 2
42 109 252 4 2
46 77 248 4 4
42 108 253 16 2
42 102 255 4 2
41 71 251 4 4
42 107 251 4 4
41 76 255 8 2
42 103 255 8 2
41 71 251 8 4
42 77 256 4 2
42 108 252 16 4
41 75 255 8 4
41 103 255 8 4
41 102 256 4 4
42 77 256 4 4
57 101 267 4 2
56 100 267 4 4
48 76 273 4 2
46 101 274 4 2
43 71 275 4 2
43 71 275 8 2
42 106 276 4 2
42 106 276 8 2
42 108 276 16 2
42 104 277 8 2
44 76 279 4 2
43 73 275 4 4
43 73 275 8 4
43 101 280 4 2
42 105 276 4 4
42 104 276 8 4
42 106 276 16 4
44 76 279 4 4
43 102 280 4 4
54 76 292 4 2
56 100 292 4 2
48 75 296 4 2
48 101 297 4 2
43 72 299 4 2
43 71 299 8 2
43 104 300 4 2
43 103 301 8 2
43 101 303 4 2
44 76 303 4 2
43 73 299 4 4
43 73 299 8 4
44 108 299 16 4
43 103 300 4 4
43 103 301 8 4
43 76 304 4 4
43 101 304 4 4
57 100 316 4 2
54 76 317 4 2
49 75 320 4 2
49 101 321 4 2
49 104 321 8 2
43 72 324 4 2
48 76 320 4 4
43 105 325 4 2
43 73 325 8 2
43 104 326 8 2
44 76 327 4 2
44 101 328 4 2
43 74 324 4 4
43 73 324 8 4
44 108 324 16 4
43 104 325 4 4
43 104 325 8 4
43 76 329 4 4
43 102 329 4 4
56 101 341 4 2
54 76 342 4 2
54 102 342 8 2
51 76 343 4 2
54 100 341 4 4
47 102 346 4 2
42 72 349 4 2
42 106 349 4 2
47 76 345 4 4
42 72 349 8 2
42 105 350 8 2
42 108 350 16 2
43 77 352 4 2
42 73 348 8 4
43 101 353 4 2
42 74 349 4 4
42 105 349 4 4
42 108 349 16 4
42 104 350 8 4
43 76 353 4 4
43 102 353 4 4
55 101 365 4 2
48 76 368 4 2
46 102 369 4 2
47 104 369 8 2
41 73 372 4 2
47 77 368 4 4
41 73 372 8 2
41 107 373 4 2
40 110 373 16 2
40 105 374 8 2
41 74 372 4 4
41 74 372 8 4
42 102 377 4 2
41 105 373 4 4
41 105 373 8 4
40 108 373 16 4
