35 101 8 4 2
36 101 9 8 2
37 69 9 8 2
37 70 10 4 2
38 80 10 16 2
56 81 12 4 2
44 83 13 4 2
44 83 13 8 2
55 81 13 8 2
60 76 14 4 2
33 86 15 4 2
37 70 12 4 4
56 82 13 4 4
38 97 18 4 2
60 74 14 4 4
34 87 19 4 2
47 83 15 8 4
42 81 20 4 2
48 82 16 4 4
41 81 20 8 2
37 97 17 4 4
38 98 21 8 2
34 96 17 16 4
34 81 22 4 2
37 67 22 4 2
34 81 22 8 2
38 66 22 8 2
36 100 22 16 2
38 78 22 16 2
40 80 22 32 2
37 97 19 8 4
38 62 24 16 2
43 98 25 4 2
42 81 21 4 4
54 80 21 8 4
56 80 22 4 4
35 81 22 8 4
36 98 22 16 4
38 78 22 16 4
38 78 22 32 4
36 81 23 4 4
38 67 23 4 4
38 66 23 8 4
38 64 24 16 4
49 108 30 4 2
46 102 30 16 2
34 100 31 4 2
47 100 31 4 2
47 101 31 8 2
48 62 31 16 2
47 66 32 4 2
51 55 32 4 2
47 64 32 8 2
48 108 30 4 4
46 99 31 4 4
46 100 31 8 4
44 102 31 16 4
40 106 31 32 4
46 58 31 32 4
43 98 36 4 2
46 66 32 4 4
51 56 32 4 4
45 65 32 8 4
46 62 32 16 4
36 99 39 4 2
36 100 39 16 2
37 98 40 8 2
39 64 40 8 2
40 62 40 16 2
39 66 41 4 2
34 102 38 32 4
39 95 43 4 2
36 97 39 4 4
37 97 39 8 4
38 78 43 16 2
36 98 39 16 4
40 64 39 16 4
43 80 44 4 2
36 78 44 8 2
39 65 40 8 4
37 94 45 4 2
55 79 45 4 2
60 73 45 4 2
43 79 45 8 2
54 79 46 8 2
38 78 42 32 4
33 84 47 4 2
38 67 43 4 4
42 80 43 4 4
38 76 43 16 4
61 70 44 4 4
37 94 49 4 2
48 80 49 4 2
55 79 45 4 4
43 79 45 8 4
33 85 51 4 2
37 94 48 4 4
42 80 53 4 2
48 80 49 4 4
35 83 53 8 2
37 96 53 8 2
42 80 53 8 2
37 66 54 4 2
36 95 50 8 4
34 98 54 16 2
38 78 54 16 2
38 78 54 32 2
35 99 55 4 2
37 64 55 8 2
55 79 56 4 2
38 62 56 16 2
37 96 53 8 4
42 79 53 8 4
37 66 54 4 4
42 80 54 4 4
34 81 54 8 4
36 98 54 16 4
38 76 54 16 4
38 78 54 32 4
55 79 55 4 4
37 65 55 8 4
53 79 55 8 4
38 64 56 16 4
43 109 62 4 2
42 108 62 8 2
43 98 63 4 2
43 100 63 8 2
42 102 63 16 2
46 58 63 16 2
44 65 64 4 2
47 52 64 4 2
45 62 64 8 2
46 52 64 8 2
43 109 62 4 4
42 97 63 4 4
44 65 63 4 4
63 69 63 4 4
43 63 63 8 4
43 100 63 8 4
40 102 63 16 4
44 60 63 16 4
36 106 63 32 4
44 56 63 32 4
46 52 64 4 4
41 98 69 4 2
33 99 71 4 2
34 98 72 16 2
36 62 72 16 2
37 64 73 8 2
36 96 74 8 2
34 97 71 4 4
34 98 71 16 4
32 102 71 32 4
35 95 76 8 2
38 76 76 16 2
38 62 72 16 4
36 95 77 4 2
37 66 77 4 2
43 79 77 4 2
43 79 77 8 2
38 76 75 32 4
32 96 80 16 2
37 66 81 4 2
43 79 77 4 4
35 95 77 8 4
30 98 77 32 4
34 86 82 4 2
42 80 82 4 2
36 95 78 4 4
41 79 82 8 2
44 79 78 8 4
34 94 78 16 4
37 66 80 4 4
35 79 84 8 2
36 65 84 8 2
36 97 84 8 2
38 78 84 16 2
35 98 85 4 2
36 66 81 8 4
36 100 85 16 2
32 79 86 4 2
36 62 86 16 2
36 64 83 16 4
43 97 89 4 2
36 97 85 4 4
35 78 85 8 4
36 97 85 8 4
36 98 85 16 4
38 76 85 32 4
34 79 86 4 4
32 102 86 32 4
46 99 94 4 2
47 108 94 4 2
47 101 94 8 2
44 102 94 16 2
47 65 95 4 2
51 54 95 4 2
47 64 95 8 2
49 55 95 8 2
48 60 95 16 2
45 98 94 4 4
47 108 94 4 4
45 100 94 8 4
42 100 94 16 4
40 104 94 32 4
46 65 95 4 4
50 54 95 4 4
45 64 95 8 4
44 62 95 16 4
46 58 95 32 4
43 98 100 4 2
35 98 103 4 2
34 100 103 16 2
38 60 103 16 2
38 64 104 8 2
37 96 105 8 2
32 102 102 32 4
38 66 107 4 2
38 95 107 4 2
36 96 103 4 4
36 96 103 8 4
38 78 107 16 2
36 98 103 16 4
38 62 103 16 4
55 79 108 4 2
38 64 104 8 4
46 80 110 4 2
46 80 110 8 2
37 95 108 4 4
38 66 108 4 4
55 79 108 4 4
34 87 113 4 2
38 95 113 4 2
53 79 109 8 4
37 66 116 4 2
37 95 112 4 4
48 80 112 4 4
47 80 112 8 4
34 94 112 16 4
42 80 117 4 2
34 82 117 8 2
37 65 117 8 2
37 98 117 8 2
38 78 117 32 2
33 80 118 4 2
36 99 118 4 2
36 100 118 16 2
38 78 118 16 2
37 66 115 4 4
36 62 119 16 2
41 79 116 8 4
42 97 121 4 2
42 80 117 4 4
42 99 121 8 2
37 66 117 8 4
37 97 117 8 4
53 79 117 8 4
38 78 117 32 4
34 80 118 4 4
36 97 118 4 4
34 80 118 8 4
36 98 118 16 4
38 76 118 16 4
36 64 119 16 4
32 102 119 32 4
42 97 121 4 4
34 101 126 4 2
46 100 126 4 2
47 109 126 4 2
47 102 126 8 2
44 104 126 16 2
45 66 127 4 2
46 64 127 8 2
48 55 127 8 2
46 60 127 16 2
49 54 128 4 2
46 100 126 4 4
47 108 126 4 4
45 101 126 8 4
44 102 126 16 4
40 106 126 32 4
45 66 127 4 4
44 64 127 8 4
44 62 127 16 4
49 55 128 4 4
36 100 135 4 2
34 102 135 16 2
40 60 135 16 2
36 98 136 8 2
38 64 137 8 2
37 66 139 4 2
36 98 135 4 4
36 100 135 16 4
40 62 135 16 4
36 97 136 8 4
38 80 140 16 2
37 94 141 4 2
42 80 141 4 2
43 79 141 8 2
38 65 137 8 4
60 73 142 4 2
38 78 139 16 4
47 79 144 4 2
37 66 140 4 4
57 76 140 4 4
36 95 140 8 4
43 79 141 4 4
59 72 141 4 4
55 78 141 8 4
37 95 142 4 4
44 79 142 8 4
34 94 142 16 4
33 85 147 4 2
39 95 148 4 2
43 79 148 8 2
42 79 149 4 2
47 79 145 4 4
38 65 150 4 2
37 97 150 8 2
38 78 150 16 2
38 63 151 8 2
36 100 151 16 2
43 79 148 8 4
38 60 152 16 2
43 96 153 4 2
43 79 149 4 4
38 65 150 4 4
37 96 150 8 4
38 76 150 16 4
38 64 151 8 4
36 98 151 16 4
40 76 151 32 4
56 77 152 4 4
38 62 152 16 4
43 96 153 4 4
49 107 158 4 2
47 100 158 8 2
46 102 158 16 2
47 99 159 4 2
46 63 159 8 2
48 60 159 16 2
45 65 160 4 2
50 54 160 4 2
49 55 160 8 2
49 107 158 4 4
44 100 158 16 4
43 97 163 4 2
45 65 159 4 4
46 99 159 4 4
45 63 159 8 4
46 100 159 8 4
46 60 159 16 4
50 54 160 4 4
36 98 167 4 2
36 100 167 16 2
40 60 167 16 2
42 97 164 4 4
37 97 168 8 2
39 63 168 8 2
39 65 170 4 2
39 95 170 4 2
37 97 167 4 4
37 97 167 8 4
36 98 167 16 4
40 62 167 16 4
43 79 172 4 2
39 64 168 8 4
38 78 172 16 2
43 79 173 8 2
39 65 170 4 4
37 95 172 4 4
43 79 172 4 4
55 78 172 4 4
60 72 172 4 4
44 79 173 8 4
33 86 178 4 2
34 92 175 16 4
47 79 176 4 4
42 80 180 8 2
38 66 181 4 2
38 97 181 4 2
42 80 181 4 2
37 97 181 8 2
38 64 182 8 2
36 100 182 16 2
38 78 182 16 2
38 62 183 16 2
43 97 184 4 2
38 66 180 4 4
42 80 181 4 4
43 79 181 8 4
37 97 182 4 4
37 97 182 8 4
38 65 182 8 4
36 98 182 16 4
38 78 182 16 4
40 78 182 32 4
38 64 183 16 4
42 97 184 4 4
49 101 190 4 2
50 108 190 4 2
48 101 190 8 2
46 102 190 16 2
47 66 191 4 2
51 55 191 4 2
47 64 191 8 2
50 55 191 8 2
48 60 191 16 2
48 100 190 4 4
50 108 190 4 4
47 101 190 8 4
46 102 190 16 4
44 106 190 32 4
44 98 195 4 2
46 66 191 4 4
50 55 191 4 4
44 100 195 8 2
46 64 191 8 4
46 62 191 16 4
38 100 199 16 2
42 62 199 16 2
44 98 196 4 4
40 98 200 8 2
41 64 200 8 2
42 66 201 4 2
42 97 201 4 2
36 102 197 32 4
39 98 198 4 4
39 98 198 8 4
38 100 198 16 4
35 89 203 4 2
45 80 203 4 2
40 78 203 16 2
42 62 199 16 4
41 97 200 4 4
36 79 204 8 2
46 79 204 8 2
41 65 200 8 4
57 79 205 4 2
41 66 201 4 4
56 79 205 8 2
35 84 206 4 2
40 81 206 4 2
63 75 206 4 2
37 84 206 8 2
40 76 202 16 4
42 78 202 32 4
46 80 203 4 4
36 78 203 8 4
46 79 204 8 4
56 79 204 8 4
57 79 205 4 4
35 87 210 4 2
35 84 206 4 4
40 80 206 4 4
51 80 208 4 4
40 97 213 4 2
39 98 213 8 2
44 80 213 8 2
41 66 214 4 2
44 81 214 4 2
35 82 214 8 2
38 100 214 16 2
32 80 215 4 2
40 65 215 8 2
38 80 215 16 2
42 80 215 32 2
40 62 216 16 2
40 97 213 4 4
41 66 213 4 4
35 82 214 8 4
39 98 214 8 4
45 80 214 8 4
55 80 214 8 4
38 98 214 16 4
40 80 214 32 4
33 80 215 4 4
44 81 215 4 4
56 80 215 4 4
41 65 215 8 4
38 80 215 16 4
40 64 216 16 4
47 111 222 4 2
46 109 222 8 2
46 104 222 16 2
34 101 223 4 2
46 100 223 4 2
46 102 223 8 2
47 66 224 4 2
51 55 224 4 2
47 64 224 8 2
50 56 224 8 2
48 62 224 16 2
47 111 222 4 4
61 82 222 4 4
44 102 222 16 4
42 108 222 32 4
45 100 223 4 4
45 101 223 8 4
46 66 224 4 4
50 56 224 4 4
46 65 224 8 4
46 62 224 16 4
36 100 231 4 2
36 100 231 16 2
40 62 231 16 2
37 98 232 8 2
38 64 232 8 2
38 66 233 4 2
40 97 233 4 2
33 88 235 4 2
36 100 231 16 4
43 80 236 4 2
43 80 236 8 2
37 98 232 8 4
38 65 232 8 4
38 80 236 16 2
38 64 232 16 4
55 79 237 4 2
38 66 233 4 4
39 97 233 4 4
55 78 237 8 2
60 74 238 4 2
33 86 239 4 2
43 80 235 4 4
38 78 235 16 4
60 72 236 4 4
43 80 236 8 4
55 79 237 4 4
54 79 237 8 4
32 96 238 16 4
32 86 244 4 2
48 80 240 4 4
38 97 245 4 2
37 96 241 4 4
33 84 245 8 2
36 98 245 8 2
42 80 245 8 2
30 81 246 4 2
37 66 246 4 2
42 80 246 4 2
34 100 246 16 2
37 65 247 8 2
36 78 247 16 2
37 67 244 4 4
37 97 244 4 4
38 62 248 16 2
30 81 246 4 4
32 82 246 8 4
36 98 246 8 4
43 80 246 8 4
53 79 246 8 4
34 98 246 16 4
42 80 247 4 4
54 79 247 4 4
38 65 247 8 4
36 78 247 16 4
38 78 247 32 4
38 64 248 16 4
44 100 253 4 2
46 111 254 4 2
45 102 254 8 2
45 109 254 8 2
44 104 254 16 2
44 66 255 4 2
47 53 255 4 2
45 63 255 8 2
46 54 255 8 2
46 60 255 16 2
43 99 254 4 4
46 111 254 4 4
44 101 254 8 4
42 104 254 16 4
42 108 254 32 4
43 66 255 4 4
46 54 255 4 4
44 64 255 8 4
45 56 255 8 4
44 60 255 16 4
36 102 262 16 2
40 60 262 16 2
37 98 263 8 2
38 64 264 8 2
39 95 265 4 2
38 66 266 4 2
38 76 266 16 2
36 100 262 16 4
40 62 262 16 4
43 79 267 4 2
37 97 263 8 4
43 79 268 8 2
38 65 264 8 4
38 74 265 16 4
38 95 266 4 4
33 85 271 4 2
48 79 271 4 2
38 66 267 4 4
43 79 267 4 4
59 72 267 4 4
55 78 268 4 4
34 87 273 4 2
32 94 270 16 4
49 79 272 4 4
38 97 277 4 2
42 80 277 4 2
37 98 277 8 2
42 79 277 8 2
54 78 277 8 2
49 79 273 8 4
36 65 278 4 2
55 78 278 4 2
34 78 278 8 2
36 65 278 8 2
36 100 278 16 2
38 78 278 16 2
40 78 278 32 2
37 66 275 4 4
36 62 279 16 2
42 97 280 4 2
37 97 277 8 4
43 78 277 8 4
53 78 277 8 4
32 80 278 4 4
37 65 278 4 4
37 97 278 4 4
43 80 278 4 4
55 78 278 4 4
34 78 278 8 4
37 65 278 8 4
36 98 278 16 4
38 76 278 16 4
40 78 278 32 4
36 64 279 16 4
47 101 286 4 2
49 109 286 4 2
47 102 286 8 2
46 104 286 16 2
45 66 288 4 2
49 56 288 4 2
45 64 288 8 2
46 62 288 16 2
46 100 286 4 4
49 109 286 4 4
46 101 286 8 4
44 102 286 16 4
42 106 286 32 4
44 66 287 4 4
48 56 288 4 4
43 65 288 8 4
44 62 288 16 4
41 98 293 4 2
34 100 296 16 2
36 62 296 16 2
36 66 297 4 2
41 98 293 4 4
36 65 297 8 2
36 98 297 8 2
38 96 298 4 2
30 104 294 32 4
36 78 299 16 2
34 100 295 16 4
42 80 300 4 2
33 77 300 8 2
35 98 296 8 4
36 64 296 16 4
54 79 301 4 2
36 66 297 4 4
42 80 301 8 2
53 79 301 8 2
36 66 297 8 4
59 75 302 4 2
36 76 298 16 4
32 85 303 4 2
31 79 299 4 4
48 80 304 4 2
36 96 300 4 4
42 80 300 4 4
54 79 301 4 4
53 79 301 8 4
32 86 308 4 2
37 97 309 4 2
48 80 305 4 4
36 66 310 4 2
36 65 310 8 2
36 98 310 8 2
40 79 310 8 2
52 79 310 8 2
34 100 310 16 2
30 80 311 4 2
40 80 311 4 2
53 79 311 4 2
32 79 311 8 2
36 78 311 16 2
38 78 311 32 2
36 62 312 16 2
37 97 309 4 4
36 66 310 4 4
53 79 310 4 4
36 98 310 8 4
41 79 310 8 4
52 79 310 8 4
38 78 310 32 4
32 79 311 8 4
36 65 311 8 4
34 100 311 16 4
36 76 311 16 4
32 80 312 4 4
40 80 312 4 4
36 64 312 16 4
46 110 318 4 2
44 104 318 16 2
31 101 319 4 2
44 100 319 4 2
45 102 319 8 2
44 66 320 4 2
48 56 320 4 2
44 65 320 8 2
44 62 320 16 2
46 110 318 4 4
42 102 318 16 4
43 100 319 4 4
43 101 319 8 4
40 106 319 32 4
43 66 320 4 4
48 56 320 4 4
42 65 320 8 4
42 62 320 16 4
33 99 327 4 2
32 100 327 16 2
34 98 328 8 2
36 62 328 16 2
35 66 329 4 2
35 65 329 8 2
37 96 330 4 2
29 81 326 4 4
36 76 330 16 2
30 104 326 32 4
34 100 327 16 4
34 97 328 8 4
36 64 328 16 4
53 78 333 4 2
35 66 329 4 4
53 78 333 8 2
35 66 329 8 4
44 81 334 4 2
44 80 334 8 2
32 85 335 4 2
59 75 335 4 2
35 96 332 4 4
58 71 332 4 4
53 79 333 4 4
52 79 333 8 4
32 87 339 4 2
48 80 337 4 4
35 98 342 4 2
36 66 342 4 2
35 98 342 8 2
40 80 343 4 2
53 79 343 4 2
32 79 343 8 2
35 65 343 8 2
52 79 343 8 2
34 100 343 16 2
36 78 343 16 2
38 78 343 32 2
29 80 344 4 2
36 62 344 16 2
35 97 342 4 4
40 79 342 8 4
36 66 343 4 4
53 79 343 4 4
32 79 343 8 4
35 98 343 8 4
36 65 343 8 4
52 79 343 8 4
34 98 343 16 4
50 80 343 16 4
38 78 343 32 4
30 80 344 4 4
40 80 344 4 4
36 64 344 16 4
36 78 344 16 4
45 101 351 4 2
48 110 351 4 2
46 102 351 8 2
44 104 351 16 2
44 66 352 4 2
44 65 352 8 2
46 62 352 16 2
49 56 353 4 2
47 109 351 4 4
45 102 351 8 4
44 104 351 16 4
44 66 352 4 4
44 100 352 4 4
48 57 353 4 4
43 65 353 8 4
44 62 353 16 4
34 102 359 16 2
36 99 360 8 2
38 62 360 16 2
37 97 361 4 2
37 65 361 8 2
37 66 362 4 2
34 100 359 16 4
36 98 360 8 4
38 64 360 16 4
53 78 365 4 2
37 65 361 8 4
37 66 362 4 4
37 97 362 4 4
44 81 367 4 2
53 79 365 4 4
58 69 365 4 4
53 78 365 8 4
30 98 367 16 4
33 87 372 4 2
46 80 368 8 4
38 67 373 4 2
48 80 369 4 4
38 98 374 4 2
33 79 375 8 2
37 65 375 8 2
37 99 375 8 2
41 79 375 8 2
36 102 375 16 2
42 80 376 4 2
36 78 376 16 2
38 67 373 4 4
38 60 377 16 2
37 97 374 4 4
37 66 375 8 4
37 98 375 8 4
42 79 375 8 4
36 100 375 16 4
42 80 376 4 4
33 80 376 8 4
36 78 376 16 4
38 64 376 16 4
40 78 376 32 4
31 81 377 4 4
46 101 382 4 2
49 111 382 4 2
47 103 382 8 2
46 104 382 16 2
45 66 385 4 2
48 55 385 4 2
46 64 385 8 2
47 56 385 8 2
48 60 385 16 2
46 101 382 4 4
48 110 382 4 4
46 102 382 8 4
44 104 382 16 4
44 101 388 4 2
44 66 385 4 4
47 56 385 4 4
45 64 385 8 4
44 62 385 16 4
36 102 391 16 2
42 60 391 16 2
38 99 392 8 2
40 64 392 8 2
40 67 394 4 2
40 97 394 4 2
38 78 394 16 2
42 62 390 16 4
36 100 391 16 4
38 98 392 8 4
40 65 392 8 4
56 79 397 4 2
55 79 397 8 2
39 97 394 4 4
40 67 394 4 4
38 78 394 16 4
48 83 399 4 2
32 80 395 4 4
49 83 399 8 2
49 88 400 8 2
55 79 396 8 4
56 79 397 4 4
51 81 401 4 4
34 86 406 4 2
39 67 407 4 2
39 97 407 4 2
38 98 408 8 2
39 66 408 8 2
40 80 408 32 2
34 81 409 4 2
42 81 409 4 2
55 80 409 4 2
35 80 409 8 2
54 80 409 8 2
36 100 409 16 2
38 78 409 16 2
40 62 410 16 2
39 67 407 4 4
39 97 408 4 4
38 98 408 8 4
42 79 408 8 4
40 80 408 32 4
55 80 409 4 4
35 79 409 8 4
39 66 409 8 4
54 80 409 8 4
36 100 409 16 4
38 78 409 16 4
52 80 409 16 4
34 81 410 4 4
42 81 410 4 4
40 64 410 16 4
45 100 417 4 2
48 111 417 4 2
46 102 417 8 2
47 109 417 8 2
44 104 417 16 2
46 66 418 4 2
50 55 418 4 2
46 64 418 8 2
49 57 418 8 2
48 62 418 16 2
44 99 417 4 4
47 111 417 4 4
45 101 417 8 4
44 104 417 16 4
42 108 417 32 4
45 66 418 4 4
49 56 418 4 4
45 65 418 8 4
46 62 418 16 4
43 99 423 4 2
36 100 425 16 2
40 62 425 16 2
39 66 426 4 2
38 98 426 8 2
39 65 426 8 2
40 96 428 4 2
38 78 428 16 2
34 104 424 32 4
36 98 425 16 4
40 64 425 16 4
45 80 430 4 2
39 66 426 4 4
45 80 430 8 2
56 79 430 8 2
37 97 426 8 4
39 66 426 8 4
57 79 431 4 2
33 81 427 4 4
38 76 427 16 4
40 80 427 32 4
49 82 432 4 2
39 96 428 4 4
35 85 433 4 2
45 89 433 4 2
45 80 429 4 4
37 85 433 8 2
48 87 433 8 2
45 79 430 8 4
55 79 430 8 4
56 79 431 4 4
40 96 439 4 2
52 80 435 4 4
