34 72 11 16 2
28 80 12 4 2
35 75 12 4 2
35 75 12 8 2
16 90 14 4 2
19 90 14 4 2
27 80 12 4 4
34 76 12 4 4
33 76 12 8 4
32 74 12 16 4
25 89 17 4 2
15 90 14 4 4
30 78 19 8 2
30 78 19 16 2
33 78 20 4 2
24 89 17 4 4
27 87 18 8 4
30 79 19 4 4
30 79 19 8 4
30 82 19 16 4
28 80 20 32 4
41 78 29 4 4
45 77 34 4 2
36 86 30 16 4
37 87 31 8 4
38 87 32 4 4
44 78 35 4 4
39 80 50 4 2
39 77 50 8 2
37 74 53 4 2
39 81 56 4 2
38 77 56 8 2
37 79 52 8 4
38 82 53 4 4
38 79 61 4 2
38 80 61 4 4
37 77 66 8 2
37 71 67 4 2
37 80 67 4 2
37 80 67 4 4
37 78 67 8 4
38 78 73 4 2
34 80 79 4 2
32 77 80 8 2
29 65 83 4 2
30 78 83 4 2
29 66 83 8 2
30 72 84 16 2
34 78 86 4 2
32 78 86 8 2
29 67 83 4 4
30 79 83 4 4
30 79 83 8 4
30 76 83 16 4
32 76 91 4 2
31 76 92 8 2
31 77 91 4 4
23 90 92 4 4
8 93 97 4 2
29 80 99 4 2
29 79 99 8 2
30 78 99 16 2
28 70 99 32 2
30 58 100 4 2
32 79 100 4 2
30 60 100 8 2
7 93 98 4 4
8 93 98 8 4
29 79 99 8 4
30 78 99 16 4
28 74 99 32 4
30 59 100 4 4
30 80 100 4 4
23 91 100 8 4
40 76 105 8 2
8 93 106 4 2
42 78 106 4 2
13 92 107 4 2
9 93 107 8 2
15 92 108 4 2
7 94 104 4 4
112 81 104 4 4
18 93 105 4 4
8 94 105 8 4
19 93 105 8 4
42 78 106 4 4
12 94 106 16 4
26 88 112 8 2
33 81 114 4 2
33 80 115 8 2
33 81 114 4 4
33 82 115 8 4
32 78 116 16 4
36 87 123 4 2
35 87 123 8 2
36 87 124 4 4
37 87 124 8 4
36 86 125 16 4
40 76 133 8 2
40 80 134 4 2
39 71 135 4 2
40 80 135 4 4
39 78 135 8 4
41 78 140 4 2
39 79 145 4 2
39 79 143 4 4
46 94 149 4 2
34 77 152 8 2
46 94 149 4 4
32 66 154 4 2
33 79 154 4 2
32 68 154 8 2
34 72 156 16 2
35 76 157 8 2
36 78 158 4 2
32 68 154 4 4
33 79 154 4 4
33 78 154 8 4
32 76 154 16 4
34 77 162 4 2
29 86 165 4 2
19 89 166 4 2
29 86 164 8 4
30 74 169 16 2
31 78 170 4 2
29 78 170 8 2
19 89 167 4 4
27 60 172 4 2
27 61 172 8 2
26 62 172 16 2
31 78 170 4 4
8 89 175 4 2
23 89 175 4 2
29 79 171 4 4
29 78 171 8 4
28 76 171 16 4
28 70 171 32 4
27 62 172 4 4
27 64 172 8 4
33 77 177 4 2
30 72 177 16 2
31 77 178 8 2
25 82 179 4 2
9 90 175 4 4
20 91 175 4 4
9 90 175 8 4
28 75 182 4 2
16 91 183 4 2
28 75 183 8 2
25 82 180 4 4
28 75 181 4 4
16 91 182 4 4
28 74 186 16 2
15 89 183 8 4
26 79 188 4 2
29 78 188 4 2
25 60 190 4 2
25 61 190 8 2
24 62 190 16 2
29 78 193 4 2
26 74 189 16 4
25 62 190 4 4
29 78 190 4 4
25 64 190 8 4
27 77 190 8 4
30 72 194 16 2
26 72 190 32 4
31 75 195 8 2
32 76 197 4 2
32 75 201 8 2
19 88 204 4 2
32 77 201 4 4
20 89 203 4 4
30 61 209 4 2
32 78 209 4 2
30 61 209 8 2
32 77 209 8 2
30 67 207 4 4
32 72 208 16 4
32 78 209 4 4
32 77 209 8 4
38 76 217 4 2
37 75 217 8 2
36 76 217 8 4
34 77 223 4 2
34 76 223 8 2
32 66 227 4 2
34 78 223 4 4
32 66 227 8 2
34 77 223 8 4
34 74 224 16 4
32 67 227 4 4
38 74 233 8 2
38 76 238 4 2
38 74 239 8 2
37 75 235 8 4
36 68 243 4 2
38 75 240 8 4
38 78 243 4 4
42 76 249 4 2
29 87 255 4 4
37 85 255 4 4
37 79 260 4 2
37 77 261 8 2
36 71 263 4 2
38 78 266 4 2
36 79 262 4 4
36 78 262 8 4
36 77 276 4 2
35 75 277 8 2
32 65 280 4 2
35 76 277 8 4
34 72 278 16 4
35 78 279 4 4
32 66 281 4 4
37 77 288 4 2
35 76 288 8 2
37 77 287 4 4
20 85 291 4 4
33 80 296 4 2
33 79 296 8 2
32 76 297 16 2
33 80 296 4 4
31 64 301 4 2
31 64 301 8 2
32 79 297 8 4
32 76 298 16 4
30 79 301 4 4
31 66 301 4 4
34 74 305 16 2
30 70 301 32 4
34 78 306 4 2
34 78 306 8 2
47 95 303 4 4
33 79 306 4 4
33 78 306 8 4
34 76 312 8 2
28 86 311 16 4
40 98 314 4 4
23 56 320 4 2
28 77 320 4 2
24 58 320 8 2
28 77 320 8 2
33 75 321 4 2
28 76 321 16 2
24 58 320 4 4
28 77 320 4 4
24 60 320 8 4
28 77 320 8 4
41 101 325 4 2
38 99 325 8 2
28 76 321 16 4
28 72 321 32 4
38 75 327 4 2
19 95 323 4 4
37 74 327 8 2
5 90 328 4 2
21 83 324 4 4
41 100 324 4 4
6 91 328 8 2
39 100 324 8 4
22 92 325 16 4
5 91 327 4 4
38 75 327 4 4
6 92 327 8 4
10 92 327 32 4
111 80 328 4 4
30 79 333 4 2
22 87 333 8 2
30 78 334 8 2
30 74 335 16 2
29 79 333 4 4
22 88 333 8 4
30 79 334 8 4
34 66 339 4 2
30 76 336 16 4
39 74 342 8 2
33 67 339 4 4
40 85 348 4 2
39 85 348 8 2
46 84 344 32 4
40 84 347 16 4
39 86 348 4 4
40 86 348 8 4
44 78 354 4 2
43 74 354 8 2
44 78 354 4 4
43 76 355 8 4
43 79 370 4 2
41 72 374 4 2
41 79 375 4 2
41 76 375 8 2
41 79 374 4 4
41 78 374 8 4
37 65 391 4 2
40 79 391 4 2
40 78 391 8 2
38 72 391 16 2
38 67 392 4 4
40 79 392 4 4
40 78 392 8 4
40 76 392 16 4
40 80 404 4 2
39 80 404 4 4
33 64 410 4 2
33 66 410 8 2
34 79 411 4 2
34 78 411 8 2
34 74 412 16 2
48 83 414 4 2
33 66 410 4 4
32 72 410 32 4
52 97 415 4 2
34 80 411 4 4
34 79 411 8 4
34 78 411 16 4
48 83 414 4 4
51 97 414 4 4
50 95 414 8 4
39 78 421 4 2
28 61 429 4 2
32 78 429 4 2
28 62 429 8 2
32 78 429 8 2
30 76 429 16 2
32 79 429 4 4
32 78 429 8 4
32 76 429 16 4
30 72 429 32 4
28 62 430 4 4
14 94 431 4 4
35 78 439 4 2
35 77 440 8 2
47 98 443 4 2
34 78 440 4 4
16 90 441 4 4
32 78 445 8 2
32 74 445 16 2
32 79 446 4 2
47 98 443 4 4
