78 58 23 4 4
52 69 27 4 4
30 67 28 4 4
61 58 28 4 4
68 75 29 4 4
10 78 34 4 2
51 82 30 4 4
62 81 30 4 4
50 78 30 8 4
59 79 30 8 4
33 83 32 4 4
22 79 33 4 4
22 77 33 8 4
10 71 34 4 4
10 80 34 4 4
19 70 34 4 4
10 77 34 8 4
16 65 34 8 4
19 69 48 4 4
10 70 49 4 4
21 78 66 4 4
17 67 67 4 4
52 78 106 4 2
50 71 107 4 2
51 74 107 8 2
36 69 110 4 2
51 71 106 4 4
52 78 106 4 4
51 74 107 8 4
35 59 112 4 2
35 69 110 4 4
35 59 113 4 4
35 69 132 4 2
39 59 132 4 2
35 71 133 8 2
48 70 135 4 2
37 59 131 4 4
50 74 135 8 2
50 78 136 4 2
31 66 132 4 4
35 69 132 4 4
49 70 136 4 4
50 74 136 8 4
51 78 137 4 4
53 70 265 4 2
53 79 266 4 2
56 75 267 8 2
52 79 265 4 4
53 70 265 4 4
56 75 267 8 4
19 64 368 4 2
31 66 368 4 2
38 60 371 4 2
22 61 372 4 2
19 64 368 4 4
31 66 368 4 4
17 62 368 8 4
39 60 371 4 4
19 64 384 4 2
31 65 385 4 2
39 60 385 4 2
19 64 384 4 4
39 60 384 4 4
31 66 386 4 4
36 68 449 4 2
35 68 449 4 4
35 67 464 4 2
35 67 463 4 4
33 66 511 4 2
18 65 515 4 2
31 60 515 4 2
26 61 516 8 2
31 60 515 4 4
18 65 516 4 4
11 63 521 4 2
17 63 521 4 2
25 60 517 8 4
15 61 522 8 2
17 63 521 4 4
16 62 521 8 4
10 58 525 16 4
10 52 532 4 2
7 54 528 4 4
31 57 533 4 2
28 58 529 4 4
28 56 533 8 2
26 52 533 16 2
28 57 532 8 4
44 52 536 16 2
47 60 537 4 2
26 54 533 16 4
50 55 538 8 2
52 54 539 4 2
59 58 540 4 2
46 60 536 4 4
44 52 536 16 4
41 61 537 4 4
50 55 538 8 4
59 58 539 4 4
53 55 540 4 4
56 90 614 4 2
52 54 615 4 2
57 90 617 4 2
53 54 615 4 4
56 90 615 4 4
36 68 734 4 2
36 71 734 8 2
33 76 735 8 2
28 72 736 4 2
47 90 734 4 4
34 80 735 4 4
35 68 735 4 4
29 72 736 4 4
27 72 752 4 2
37 69 754 4 2
38 72 755 8 2
27 72 752 4 4
58 78 757 4 2
59 70 757 4 2
58 73 757 8 2
36 69 754 4 4
58 75 758 8 2
58 70 757 4 4
58 78 757 4 4
57 75 758 8 4
34 60 1035 4 2
24 59 1036 4 2
20 59 1036 8 2
31 59 1037 8 2
38 60 1040 4 2
40 56 1041 8 2
24 58 1038 4 4
9 66 1039 4 4
20 59 1039 8 4
24 58 1044 4 2
39 60 1040 4 4
19 59 1044 8 2
31 58 1044 8 2
16 56 1040 16 4
33 59 1045 4 2
31 58 1041 8 4
26 54 1041 16 4
43 57 1046 8 2
53 55 1048 4 2
50 55 1048 8 2
42 50 1046 16 4
49 55 1048 8 4
53 56 1049 4 4
19 67 1088 4 2
19 67 1088 4 4
18 66 1088 8 4
19 69 1089 8 4
19 64 1108 4 2
19 64 1108 4 4
41 60 1156 4 2
44 55 1157 8 2
28 57 1158 4 2
27 57 1159 8 2
24 54 1159 16 2
40 60 1156 4 4
46 55 1158 8 4
27 58 1159 8 4
29 59 1160 4 4
24 56 1160 16 4
27 57 1169 4 2
33 60 1166 4 4
29 59 1169 4 4
26 52 1173 16 2
30 55 1174 8 2
33 56 1175 4 2
39 59 1176 4 2
40 55 1176 8 2
28 56 1172 8 4
42 50 1176 16 2
49 54 1177 8 2
26 54 1173 16 4
52 54 1178 4 2
30 65 1175 4 4
42 50 1175 16 4
39 59 1176 4 4
49 54 1177 8 4
52 55 1178 4 4
28 69 1275 4 2
28 69 1275 4 4
29 67 1295 4 2
29 67 1295 4 4
18 65 1347 4 2
18 66 1347 4 4
35 60 1352 4 2
33 66 1348 4 4
35 60 1353 4 4
19 65 1363 4 2
18 62 1367 4 2
37 59 1367 4 2
19 65 1363 4 4
40 60 1368 4 2
36 59 1367 4 4
45 53 1368 8 4
20 62 1389 4 2
33 66 1389 4 2
20 63 1388 4 4
18 58 1393 4 2
30 66 1389 4 4
40 60 1393 4 4
19 60 1394 4 4
21 55 1399 4 2
39 59 1403 4 2
21 55 1399 4 4
40 59 1403 4 4
20 67 1404 4 4
49 53 1408 4 4
33 67 1467 4 2
33 67 1468 4 4
30 67 1482 4 2
32 66 1483 4 2
37 66 1481 4 4
36 68 1536 4 2
28 69 1538 4 2
28 69 1538 4 4
28 68 1566 4 2
27 68 1566 4 4
33 66 1588 4 2
40 61 1589 4 2
48 55 1589 8 2
40 58 1590 8 2
42 52 1590 16 2
26 60 1592 4 2
39 61 1588 4 4
26 60 1592 8 2
24 58 1592 16 2
48 55 1589 8 4
32 60 1590 4 4
40 58 1590 8 4
42 52 1590 16 4
14 66 1595 8 2
22 63 1596 4 2
25 61 1592 8 4
10 69 1597 4 2
24 62 1593 4 4
22 58 1593 16 4
16 66 1594 4 4
10 68 1596 4 4
22 63 1596 4 4
10 71 1603 4 2
11 69 1603 8 2
10 71 1601 4 4
11 69 1601 8 4
10 70 1607 4 2
10 69 1608 8 2
61 94 1605 4 4
9 70 1610 4 4
11 66 1615 4 2
9 68 1611 8 4
13 63 1618 8 2
18 60 1615 4 4
14 65 1616 4 4
28 58 1622 8 2
14 63 1618 8 4
26 56 1622 16 2
31 58 1623 4 2
40 50 1623 16 2
26 61 1621 4 4
27 59 1622 8 4
26 56 1622 16 4
40 50 1622 16 4
30 58 1623 4 4
32 58 1624 4 4
35 55 1632 4 2
39 57 1632 4 2
45 53 1633 8 2
40 48 1633 16 2
26 48 1634 16 2
16 50 1636 16 2
23 54 1637 8 2
44 52 1633 8 4
40 48 1633 16 4
23 55 1639 4 2
18 52 1637 16 4
22 55 1639 8 4
23 56 1640 4 4
21 54 1648 4 2
17 54 1650 8 2
27 53 1652 4 2
27 52 1653 8 2
24 48 1653 16 2
40 46 1654 16 2
41 55 1655 4 2
49 53 1656 8 2
22 50 1652 16 4
53 54 1657 4 2
40 46 1654 16 4
42 55 1657 4 4
52 54 1657 4 4
48 53 1657 8 4
35 61 1791 4 2
19 61 1795 4 2
44 58 1791 4 4
17 62 1795 8 2
24 60 1795 8 2
7 65 1796 4 2
7 65 1796 8 2
27 59 1794 4 4
17 62 1795 8 4
24 60 1795 8 4
7 65 1796 4 4
20 60 1796 4 4
7 65 1796 8 4
6 66 1816 4 2
6 66 1816 8 2
20 60 1817 4 2
22 60 1818 4 2
17 62 1818 8 2
24 60 1818 8 2
6 66 1815 4 4
7 66 1816 8 4
18 60 1816 16 4
17 62 1817 8 4
24 60 1818 4 4
24 60 1818 8 4
